orderbuy 9875 20 1710914087663 11 24 0
buy 9875 20 1710914092616 11 24 0
ordersell 9875 21 1710914092616 11 24 0
cancelsell 9875 21 1710914102697 11 25 0
ordersell 9875 16.9 1710914102697 11 25 0
sell 9875 17.9 1710914107617 11 25 -2.1000000000000014
orderbuy 9875 21.85 1710914117729 11 25 0
buy 9875 21.85 1710914122621 11 25 0
ordersell 9875 22.85 1710914122621 11 25 0
cancelsell 9875 22.85 1710914372714 11 29 0
ordersell 9875 18.2 1710914372717 11 29 0
sell 9875 19.2 1710914377751 11 29 -4.7500000000000036
orderbuy 9875 20.5 1710914567821 11 32 0
buy 9875 20.5 1710914572769 11 32 0
ordersell 9875 21.5 1710914572770 11 32 0
cancelsell 9875 21.5 1710915132937 11 42 0
ordersell 9875 17.3 1710915132940 11 42 0
sell 9875 18.3 1710915137971 11 42 -6.950000000000003
orderbuy 10375 21.35 1710915192961 11 43 0
buy 10375 21.35 1710915197977 11 43 0
ordersell 10375 22.35 1710915197977 11 43 0
sell 10375 23.6 1710915257993 11 44 -4.700000000000003
orderbuy 9925 22.25 1710915348027 11 45 0
buy 9925 22.25 1710915353014 11 45 0
ordersell 9925 23.25 1710915353014 11 45 0
cancelsell 9925 23.25 1710915458064 11 47 0
ordersell 9925 19.15 1710915458066 11 47 0
sell 9925 20.15 1710915463053 11 47 -6.800000000000004
orderbuy 10375 20 1710915613161 11 50 0
buy 10375 20 1710915618144 11 50 0
ordersell 10375 21 1710915618144 11 50 0
cancelsell 10375 21 1710916153337 11 59 0
ordersell 10375 16.65 1710916153340 11 59 0
sell 10375 17.65 1710916158353 11 59 -9.150000000000006
orderbuy 9900 20.85 1710916323473 12 2 0
buy 9900 20.85 1710916328393 12 2 0
ordersell 9900 21.85 1710916328393 12 2 0
sell 9900 22.2 1710916708676 12 8 -7.800000000000008
orderbuy 10375 20 1710917308806 12 18 0
buy 10375 20 1710917313751 12 18 0
ordersell 10375 21 1710917313751 12 18 0
sell 10375 21.25 1710917874024 12 27 -6.550000000000008
orderbuy 10375 20 1710918654287 12 40 0
buy 10375 20 1710918659243 12 40 0
ordersell 10375 21 1710918659243 12 40 0
sell 10375 21.55 1710919374534 12 52 -5.000000000000007
orderbuy 9925 21 1710919849626 13 0 0
buy 9925 21 1710919854733 13 0 0
ordersell 9925 22 1710919854734 13 0 0
cancelsell 9925 22 1710920220118 13 7 0
ordersell 9925 17.7 1710920220121 13 7 0
sell 9925 18.7 1710920224709 13 7 -7.300000000000008
orderbuy 10375 21.4 1710920555039 13 12 0
buy 10375 21.4 1710920559821 13 12 0
ordersell 10375 22.4 1710920559821 13 12 0
sell 10375 22.4 1710921300064 13 25 -6.300000000000008
orderbuy 9975 21.55 1710921720200 13 32 0
buy 9975 21.55 1710921725213 13 32 0
ordersell 9975 22.55 1710921725213 13 32 0
sell 9975 23.65 1710921750213 13 32 -4.20000000000001
orderbuy 10375 20.7 1710921800235 13 33 0
buy 10375 20.7 1710921805236 13 33 0
ordersell 10375 21.7 1710921805236 13 33 0
cancelsell 10375 21.7 1710922180718 13 39 0
ordersell 10375 17.35 1710922180718 13 39 0
sell 10375 18.35 1710922185398 13 39 -6.550000000000008
orderbuy 10375 20.45 1710922345513 13 42 0
buy 10375 20.45 1710922350450 13 42 0
ordersell 10375 21.45 1710922350450 13 42 0
sell 10375 21.75 1710922620680 13 47 -5.250000000000007
orderbuy 9950 20.5 1710922850725 13 50 0
buy 9950 20.5 1710922855634 13 50 0
ordersell 9950 21.5 1710922855634 13 50 0
sell 9950 22.45 1710922865676 13 51 -3.300000000000008
orderbuy 9950 21.4 1710922910680 13 51 0
buy 9950 21.4 1710922915655 13 51 0
ordersell 9950 22.4 1710922915655 13 51 0
cancelsell 9950 22.4 1710923095784 13 54 0
ordersell 9950 18.15 1710923095786 13 54 0
sell 9950 19.15 1710923100727 13 55 -5.550000000000008
orderbuy 9950 20.1 1710923125782 13 55 0
buy 9950 20.1 1710923130728 13 55 0
ordersell 9950 21.1 1710923130728 13 55 0
cancelsell 9950 21.1 1710923205967 13 56 0
ordersell 9950 17 1710923205969 13 56 0
sell 9950 18 1710923210796 13 56 -7.650000000000009
orderbuy 9950 20.3 1710923380867 13 59 0
buy 9950 20.3 1710923385853 13 59 0
ordersell 9950 21.3 1710923385854 13 59 0
sell 9950 21.45 1710923550886 14 2 -6.500000000000011
orderbuy 10350 20.6 1710923881033 14 8 0
buy 10350 20.6 1710923885993 14 8 0
ordersell 10350 21.6 1710923885993 14 8 0
sell 10350 22.1 1710924566251 14 19 -5.000000000000011
orderbuy 9950 21.4 1710924771321 14 22 0
buy 9950 21.4 1710924776325 14 22 0
ordersell 9950 22.4 1710924776326 14 22 0
sell 9950 23 1710925801637 14 40 -3.4000000000000092
orderbuy 10325 20.8 1710925851672 14 40 0
buy 10325 20.8 1710925856650 14 40 0
ordersell 10325 21.8 1710925856651 14 40 0
sell 10325 22.65 1710925946722 14 42 -1.5500000000000114
orderbuy 9950 20.5 1710926021757 14 43 0
buy 9950 20.5 1710926026799 14 43 0
ordersell 9950 21.5 1710926026800 14 43 0
sell 9950 21.6 1710926386836 14 49 -0.45000000000000995
orderbuy 10350 20 1710926606919 14 53 0
buy 10350 20 1710926611910 14 53 0
ordersell 10350 21 1710926611910 14 53 0
sell 10350 19 1710927122101 15 2 -18.45000000000001
