orderbuy 21100 20.75 1710474511134 9 18 0
buy 21100 20.75 1710474516163 9 18 0
ordersell 21100 21.75 1710474516163 9 18 0
sell 21100 22.25 1710474826229 9 23 1.5
orderbuy 20250 20.95 1710475661552 9 37 0
buy 20250 20.95 1710475666512 9 37 0
ordersell 20250 21.95 1710475666513 9 37 0
sell 20250 22.55 1710475716537 9 38 3.1000000000000014
orderbuy 21050 21.35 1710475721532 9 38 0
buy 21050 21.35 1710475726552 9 38 0
ordersell 21050 22.35 1710475726553 9 38 0
sell 21050 22.55 1710476336748 9 48 4.300000000000001
orderbuy 20200 21.1 1710476426850 9 50 0
buy 20200 21.1 1710476431791 9 50 0
ordersell 20200 22.1 1710476431792 9 50 0
sell 20200 23.25 1710476496895 9 51 6.449999999999999
orderbuy 20150 22.65 1710476511951 9 51 0
buy 20150 22.65 1710476516811 9 51 0
ordersell 20150 23.65 1710476516811 9 51 0
cancelsell 20150 23.65 1710476526832 9 52 0
ordersell 20150 17.4 1710476526833 9 52 0
sell 20150 18.4 1710476531897 9 52 2.1999999999999993
orderbuy 20150 21.2 1710476541974 9 52 0
buy 20150 21.2 1710476546821 9 52 0
ordersell 20150 22.2 1710476546821 9 52 0
cancelsell 20150 22.2 1710476646879 9 54 0
ordersell 20150 17 1710476646879 9 54 0
sell 20150 18 1710476651846 9 54 -1
orderbuy 20150 20.2 1710476852109 9 57 0
buy 20150 20.2 1710476857014 9 57 0
ordersell 20150 21.2 1710476857015 9 57 0
cancelsell 20150 21.2 1710477152291 10 2 0
ordersell 20150 14.85 1710477152293 10 2 0
sell 20150 15.85 1710477157070 10 2 -5.35
orderbuy 21050 20.15 1710477372088 10 6 0
buy 21050 20.15 1710477377062 10 6 0
ordersell 21050 21.15 1710477377062 10 6 0
cancelsell 21050 21.15 1710478237378 10 20 0
ordersell 21050 15.399999999999999 1710478237381 10 20 0
sell 21050 16.4 1710478242370 10 20 -9.100000000000001
orderbuy 20150 20.25 1710478302410 10 21 0
buy 20150 20.25 1710478307386 10 21 0
ordersell 20150 21.25 1710478307387 10 21 0
cancelsell 20150 21.25 1710478477560 10 24 0
ordersell 20150 15.850000000000001 1710478477563 10 24 0
sell 20150 16.85 1710478482463 10 24 -12.5
orderbuy 20150 21 1710479197684 10 36 0
buy 20150 21 1710479202698 10 36 0
ordersell 20150 22 1710479202698 10 36 0
cancelsell 20150 22 1710479547788 10 42 0
ordersell 20150 16.7 1710479547793 10 42 0
sell 20150 17.7 1710479552816 10 42 -15.8
orderbuy 20200 20.4 1710480723167 11 2 0
buy 20200 20.4 1710480728158 11 2 0
ordersell 20200 21.4 1710480728158 11 2 0
sell 20200 21.45 1710480948260 11 5 -14.750000000000004
orderbuy 21000 20.3 1710481708556 11 18 0
buy 21000 20.3 1710481713511 11 18 0
ordersell 21000 21.3 1710481713511 11 18 0
cancelsell 21000 21.3 1710483909260 11 55 0
ordersell 21000 16.1 1710483909261 11 55 0
sell 21000 17.1 1710483914213 11 55 -17.950000000000003
orderbuy 20150 20.15 1710485149619 12 15 0
buy 20150 20.15 1710485154589 12 15 0
ordersell 20150 21.15 1710485154589 12 15 0
cancelsell 20150 21.15 1710492068675 14 11 0
ordersell 20150 6 1710492068677 14 11 0
sell 20150 7 1710492073634 14 11 -31.1
