orderbuy 21650 21.8 1710819934958 9 15 0
buy 21650 21.8 1710819939854 9 15 0
ordersell 21650 22.8 1710819939855 9 15 0
sell 21650 24.4 1710820004885 9 16 2.599999999999998
orderbuy 21600 22.15 1710820340035 9 22 0
buy 21600 22.15 1710820345002 9 22 0
ordersell 21600 23.15 1710820345002 9 22 0
sell 21600 25.4 1710820420002 9 23 5.849999999999998
orderbuy 21550 20.1 1710821120289 9 35 0
buy 21550 20.1 1710821125295 9 35 0
ordersell 21550 21.1 1710821125295 9 35 0
cancelsell 21550 21.1 1710821190339 9 36 0
ordersell 21550 16.65 1710821190341 9 36 0
sell 21550 17.65 1710821195303 9 36 3.399999999999995
orderbuy 21600 20 1710821785491 9 46 0
buy 21600 20 1710821790548 9 46 0
ordersell 21600 21 1710821790548 9 46 0
sell 21600 21.6 1710821850555 9 47 4.9999999999999964
orderbuy 21550 22.1 1710822590770 9 59 0
buy 21550 22.1 1710822595793 9 59 0
ordersell 21550 23.1 1710822595794 9 59 0
sell 21550 24.8 1710822675844 10 1 7.699999999999996
orderbuy 21500 20 1710822876059 10 4 0
buy 21500 20 1710822881105 10 4 0
ordersell 21500 21 1710822881105 10 4 0
cancelsell 21500 21 1710823536125 10 15 0
ordersell 21500 16.75 1710823536126 10 15 0
sell 21500 17.75 1710823541162 10 15 5.449999999999996
orderbuy 21500 21.7 1710824041451 10 24 0
buy 21500 21.7 1710824046412 10 24 0
ordersell 21500 22.7 1710824046412 10 24 0
sell 21500 23.1 1710824486572 10 31 6.849999999999998
orderbuy 21500 20.15 1710826437274 11 3 0
buy 21500 20.15 1710826442218 11 4 0
ordersell 21500 21.15 1710826442218 11 4 0
cancelsell 21500 21.15 1710827197481 11 16 0
ordersell 21500 16.05 1710827197484 11 16 0
sell 21500 17.05 1710827202479 11 16 3.75
orderbuy 21500 21.85 1710828908114 11 45 0
buy 21500 21.85 1710828913115 11 45 0
ordersell 21500 22.85 1710828913115 11 45 0
cancelsell 21500 22.85 1710831008868 12 20 0
ordersell 21500 16.15 1710831008871 12 20 0
sell 21500 17.15 1710831013854 12 20 -0.9500000000000028
orderbuy 21550 20.8 1710837171052 14 2 0
buy 21550 20.8 1710837176056 14 2 0
ordersell 21550 21.8 1710837176059 14 2 0
sell 21550 23.95 1710837211174 14 3 2.1999999999999957
orderbuy 22150 24.7 1710837336101 14 5 0
buy 22150 24.7 1710837341087 14 5 0
ordersell 22150 25.7 1710837341087 14 5 0
cancelsell 22150 25.7 1710837346110 14 5 0
ordersell 22150 18.4 1710837346110 14 5 0
sell 22150 19.4 1710837351093 14 5 -3.100000000000005
orderbuy 21500 21.8 1710838086424 14 18 0
buy 21500 21.8 1710838091543 14 18 0
ordersell 21500 22.8 1710838091543 14 18 0
cancelsell 21500 22.8 1710838236468 14 20 0
ordersell 21500 17.95 1710838236474 14 20 0
sell 21500 18.95 1710838241442 14 20 -5.950000000000006
