orderbuy 21550 20.7 1710475578133 9 36 0
buy 21550 20.7 1710475583103 9 36 0
ordersell 21550 21.7 1710475583104 9 36 0
sell 21550 26.4 1710475683207 9 38 5.699999999999999
orderbuy 21500 21.95 1710475688182 9 38 0
buy 21500 21.95 1710475693183 9 38 0
ordersell 21500 22.95 1710475693184 9 38 0
sell 21500 22.95 1710475713214 9 38 6.699999999999999
orderbuy 21450 20.55 1710475843230 9 40 0
buy 21450 20.55 1710475848252 9 40 0
ordersell 21450 21.55 1710475848252 9 40 0
sell 21450 24.9 1710475923281 9 42 11.049999999999997
orderbuy 21400 20.8 1710475928275 9 42 0
buy 21400 20.8 1710475933289 9 42 0
ordersell 21400 21.8 1710475933289 9 42 0
cancelsell 21400 21.8 1710476098305 9 44 0
ordersell 21400 16.55 1710476098306 9 44 0
sell 21400 17.55 1710476103332 9 45 7.799999999999997
orderbuy 21450 20.3 1710476313388 9 48 0
buy 21450 20.3 1710476318365 9 48 0
ordersell 21450 21.3 1710476318365 9 48 0
sell 21450 25.1 1710476818557 9 56 12.599999999999998
orderbuy 21400 20.7 1710476823546 9 57 0
buy 21400 20.7 1710476828564 9 57 0
ordersell 21400 21.7 1710476828564 9 57 0
sell 21400 22.75 1710477013661 10 0 14.649999999999999
orderbuy 21400 20.1 1710477343740 10 5 0
buy 21400 20.1 1710477348740 10 5 0
ordersell 21400 21.1 1710477348740 10 5 0
sell 21400 21.5 1710477563782 10 9 16.049999999999997
orderbuy 21400 20.4 1710478173993 10 19 0
buy 21400 20.4 1710478189012 10 19 0
ordersell 21400 21.4 1710478189012 10 19 0
sell 21400 22.05 1710478239061 10 20 17.7
orderbuy 21400 20.1 1710479734514 10 45 0
buy 21400 20.1 1710479739495 10 45 0
ordersell 21400 21.1 1710479739496 10 45 0
cancelsell 21400 21.1 1710479879563 10 47 0
ordersell 21400 15.55 1710479879564 10 47 0
sell 21400 16.55 1710479884549 10 48 14.149999999999999
orderbuy 21450 21.8 1710479909579 10 48 0
buy 21450 21.8 1710479914555 10 48 0
ordersell 21450 22.8 1710479914555 10 48 0
sell 21450 23.25 1710480459705 10 57 15.599999999999998
orderbuy 21400 20.05 1710480589743 10 59 0
buy 21400 20.05 1710480594770 10 59 0
ordersell 21400 21.05 1710480594770 10 59 0
sell 21400 21.3 1710480759782 11 2 16.849999999999998
orderbuy 22450 20 1710481450110 11 14 0
buy 22450 20 1710481455016 11 14 0
ordersell 22450 21 1710481455016 11 14 0
sell 22450 21.05 1710481750109 11 19 17.9
orderbuy 21400 20 1710481895139 11 21 0
buy 21400 20 1710481900134 11 21 0
ordersell 21400 21 1710481900134 11 21 0
sell 21400 21.25 1710481965148 11 22 19.15
orderbuy 21400 20.1 1710482305269 11 28 0
buy 21400 20.1 1710482310320 11 28 0
ordersell 21400 21.1 1710482310320 11 28 0
sell 21400 21.3 1710482430292 11 30 20.349999999999998
orderbuy 21400 20.45 1710483155553 11 42 0
buy 21400 19.75 1710483160535 11 42 0
ordersell 21400 20.75 1710483160535 11 42 0
sell 21400 22.1 1710484125848 11 58 22.7
orderbuy 22450 20.1 1710484561526 12 6 0
buy 22450 20.1 1710484565979 12 6 0
ordersell 22450 21.1 1710484565979 12 6 0
sell 22450 25.45 1710492068675 14 11 28.049999999999997
