orderbuy 10450 20.75 1710826570455 11 6 0
buy 10450 20.75 1710826575431 11 6 0
ordersell 10450 21.75 1710826575431 11 6 0
sell 10450 22.6 1710827250699 11 17 1.8500000000000014
orderbuy 10475 20.25 1710827405775 11 20 0
buy 10475 20.25 1710827410751 11 20 0
ordersell 10475 21.25 1710827410752 11 20 0
cancelsell 10475 21.25 1710828611174 11 40 0
ordersell 10475 15.600000000000001 1710828611177 11 40 0
sell 10475 16.6 1710828616204 11 40 -1.7999999999999972
orderbuy 10450 20.2 1710829481455 11 54 0
buy 10450 20.2 1710829486484 11 54 0
ordersell 10450 21.2 1710829486489 11 54 0
sell 10450 22.65 1710832052377 12 37 0.6500000000000021
orderbuy 9850 20.4 1710832277489 12 41 0
buy 9850 20.4 1710832282457 12 41 0
ordersell 9850 21.4 1710832282457 12 41 0
cancelsell 9850 21.4 1710832757648 12 49 0
ordersell 9850 17.05 1710832757650 12 49 0
sell 9850 18.05 1710832762670 12 49 -1.6999999999999957
orderbuy 10475 20.2 1710834018225 13 10 0
buy 10475 20.2 1710834023093 13 10 0
ordersell 10475 21.2 1710834023093 13 10 0
cancelsell 10475 21.2 1710834703331 13 21 0
ordersell 10475 16.7 1710834703334 13 21 0
sell 10475 17.7 1710834708367 13 21 -4.199999999999996
orderbuy 10450 20.95 1710835238531 13 30 0
buy 10450 20.95 1710835243543 13 30 0
ordersell 10450 21.95 1710835243543 13 30 0
sell 10450 22.15 1710836008873 13 43 -2.9999999999999964
orderbuy 10475 20.35 1710836203971 13 46 0
buy 10475 20.35 1710836208905 13 46 0
ordersell 10475 21.35 1710836208905 13 46 0
cancelsell 10475 21.35 1710836989163 13 59 0
ordersell 10475 17.1 1710836989165 13 59 0
sell 10475 18.1 1710836994171 13 59 -5.2499999999999964
orderbuy 9850 21.1 1710837364332 14 6 0
buy 9850 21.1 1710837369310 14 6 0
ordersell 9850 22.1 1710837369311 14 6 0
cancelsell 9850 22.1 1710837384326 14 6 0
ordersell 9850 17.4 1710837384326 14 6 0
sell 9850 18.4 1710837389326 14 6 -7.949999999999999
orderbuy 10450 20.2 1710837504340 14 8 0
buy 10450 20.2 1710837509372 14 8 0
ordersell 10450 21.2 1710837509372 14 8 0
cancelsell 10450 21.2 1710838064583 14 17 0
ordersell 10450 15.8 1710838064585 14 17 0
sell 10450 16.8 1710838069569 14 17 -11.349999999999998
orderbuy 9900 24.35 1710838559861 14 25 0
buy 9900 24.35 1710838564765 14 26 0
ordersell 9900 25.35 1710838564765 14 26 0
sell 9900 26.05 1710838819848 14 30 -9.650000000000002
orderbuy 9900 24.4 1710838904865 14 31 0
buy 9900 24.4 1710838909875 14 31 0
ordersell 9900 25.4 1710838909875 14 31 0
cancelsell 9900 25.4 1710839089929 14 34 0
ordersell 9900 21 1710839089931 14 34 0
sell 9900 22 1710839094924 14 34 -12.049999999999997
orderbuy 10450 20.45 1710839445054 14 40 0
buy 10450 20.45 1710839450045 14 40 0
ordersell 10450 21.45 1710839450046 14 40 0
sell 10450 19.5 1710840720492 15 2 -30.55
