orderbuy 20150 109.2 1710387903985 0
buy 20150 23.2 1710387923779 0
ordersell 20150 24.2 1710387923779 0
sell 20150 25.25 1710387983811 2.0500000000000007
orderbuy 20100 22 1710387988744 0
buy 20100 22 1710387993876 0
ordersell 20100 23 1710387993876 0
sell 20100 26.7 1710388083842 6.75
orderbuy 20050 22.9 1710388088783 0
buy 20050 22.9 1710388093831 0
ordersell 20050 23.9 1710388093831 0
cancelsell 20050 23.9 1710388123833 0
ordersell 20050 18.85 1710388123833 0
sell 20050 19.85 1710388128799 3.700000000000003
orderbuy 20000 20 1710388148867 0
buy 20000 20 1710388153802 0
ordersell 20000 21 1710388153802 0
sell 20000 21.85 1710388208861 5.550000000000004
orderbuy 21250 20.7 1710388428873 0
buy 21250 20.7 1710388433867 0
ordersell 21250 21.7 1710388433867 0
sell 21250 21.75 1710388573903 6.600000000000005
orderbuy 20100 20.55 1710388703954 0
buy 20100 20.55 1710388708938 0
ordersell 20100 21.55 1710388708938 0
sell 20100 22.8 1710388763966 8.850000000000005
orderbuy 21250 21.7 1710388773981 0
buy 21250 21.7 1710388778950 0
ordersell 21250 22.7 1710388778951 0
cancelsell 21250 22.7 1710388969015 0
ordersell 21250 17.65 1710388969018 0
sell 21250 18.65 1710388974036 5.800000000000004
orderbuy 21250 20 1710389199172 0
buy 21250 20 1710389204088 0
ordersell 21250 21 1710389204088 0
cancelsell 21250 21 1710391269759 0
ordersell 21250 14.55 1710391269762 0
sell 21250 15.55 1710391274824 1.350000000000005
orderbuy 21200 22.85 1710391344823 0
buy 21200 22.85 1710391349791 0
ordersell 21200 23.85 1710391349792 0
cancelsell 21200 23.85 1710391824947 0
ordersell 21200 18.8 1710391824947 0
sell 21200 19.8 1710391829954 -1.6999999999999957
orderbuy 21200 20 1710391849992 0
buy 21200 20 1710391854978 0
ordersell 21200 21 1710391854978 0
sell 21200 21.65 1710392055141 -0.04999999999999716
orderbuy 20200 20.05 1710392160085 0
buy 20200 20.05 1710392165059 0
ordersell 20200 21.05 1710392165059 0
sell 20200 21.75 1710392415155 1.6500000000000021
orderbuy 21200 20.5 1710392675298 0
buy 21200 20.5 1710392680228 0
ordersell 21200 21.5 1710392680229 0
sell 21200 21.9 1710392745368 3.0500000000000007
orderbuy 20250 21.6 1710392790294 0
buy 20250 21.6 1710392795242 0
ordersell 20250 22.6 1710392795242 0
cancelsell 20250 22.6 1710393075380 0
ordersell 20250 17.2 1710393075383 0
sell 20250 18.2 1710393080360 -0.3500000000000014
orderbuy 21300 23.55 1710393140427 0
buy 21300 23.55 1710393145396 0
ordersell 21300 24.55 1710393145397 0
cancelsell 21300 24.55 1710393285526 0
ordersell 21300 18.85 1710393285529 0
sell 21300 19.85 1710393290426 -4.050000000000001
orderbuy 21300 20.85 1710393316037 0
buy 21300 20.85 1710393320443 0
ordersell 21300 21.85 1710393320444 0
cancelsell 21300 21.85 1710393620605 0
ordersell 21300 16.55 1710393620608 0
sell 21300 17.55 1710393625619 -7.350000000000001
orderbuy 21300 20.35 1710393755578 0
buy 21300 20.35 1710393760664 0
ordersell 21300 21.35 1710393760664 0
cancelsell 21300 21.35 1710394565905 0
ordersell 21300 15.7 1710394565908 0
sell 21300 16.7 1710394570846 -11.000000000000004
orderbuy 21300 20.05 1710394971022 0
buy 21300 20.05 1710394975969 0
ordersell 21300 21.05 1710394975969 0
sell 21300 23.1 1710395121033 -7.950000000000003
orderbuy 21300 21 1710395401116 0
buy 21300 19.75 1710395406098 0
ordersell 21300 20.75 1710395406098 0
sell 21300 20.9 1710395491133 -6.800000000000004
orderbuy 21300 20.9 1710395986415 0
buy 21300 20.9 1710395991263 0
ordersell 21300 21.9 1710395991263 0
sell 21300 22.35 1710396261385 -5.350000000000001
orderbuy 21350 20.15 1710396876578 0
buy 21350 20.15 1710396881550 0
ordersell 21350 21.15 1710396881551 0
sell 21350 21.25 1710396996626 -4.25
orderbuy 20400 20 1710397131629 0
buy 20400 20 1710397136653 0
ordersell 20400 21 1710397136654 0
sell 20400 21.55 1710398707229 -2.6999999999999993
orderbuy 21350 20 1710398882302 0
buy 21350 20 1710398887284 0
ordersell 21350 21 1710398887287 0
sell 21350 21.7 1710399362405 -1
orderbuy 20400 20.4 1710399827572 0
buy 20400 20.4 1710399832587 0
ordersell 20400 21.4 1710399832587 0
sell 20400 21.7 1710399902607 0.3000000000000007
orderbuy 21300 20 1710400467869 0
buy 21300 20 1710400472772 0
ordersell 21300 21 1710400472773 0
cancelsell 21300 21 1710400592848 0
ordersell 21300 13.4 1710400592850 0
sell 21300 14.4 1710400597820 -5.299999999999999
orderbuy 21250 21.2 1710400657860 0
buy 21250 21.2 1710400662845 0
ordersell 21250 22.2 1710400662846 0
sell 21250 22.4 1710400922949 -4.100000000000001
orderbuy 20350 21 1710401067984 0
buy 20350 21 1710401073034 0
ordersell 20350 22 1710401073035 0
sell 20350 22.4 1710401233044 -2.700000000000003
orderbuy 21300 20.3 1710401423218 0
buy 21300 20.3 1710401428101 0
ordersell 21300 21.3 1710401428101 0
cancelsell 21300 21.3 1710403428776 0
ordersell 21300 15.95 1710403428782 0
sell 21300 16.95 1710403433731 -6.050000000000004
orderbuy 20300 20.1 1710403814573 0
buy 20300 20.1 1710403818859 0
ordersell 20300 21.1 1710403818859 0
sell 20300 22.8 1710404304021 -3.350000000000005
orderbuy 21200 21.4 1710404449120 0
buy 21200 21.4 1710404454050 0
ordersell 21200 22.4 1710404454050 0
cancelsell 21200 22.4 1710405104288 0
ordersell 21200 17.35 1710405104291 0
sell 21200 18.35 1710405109309 -6.400000000000002
orderbuy 21150 20.35 1710406034717 0
buy 21150 20.35 1710406039579 0
ordersell 21150 21.35 1710406039579 0
sell 21150 21.75 1710406094702 -5.0000000000000036
orderbuy 20350 20.5 1710406559753 0
buy 20350 20.5 1710406564718 0
ordersell 20350 21.5 1710406564721 0
sell 20350 22.45 1710406629923 -3.0500000000000043
orderbuy 20300 22.05 1710407705737 0
buy 20300 22.05 1710407710083 0
ordersell 20300 23.05 1710407710083 0
sell 20300 24.35 1710407805762 -0.7500000000000036
orderbuy 21150 20.7 1710408665353 0
buy 21150 20.7 1710408670339 0
ordersell 21150 21.7 1710408670339 0
