orderbuy 22150 20.1 1710388422620 0
buy 22150 20.1 1710388427603 0
ordersell 22150 21.1 1710388427604 0
cancelsell 22150 21.1 1710388437604 0
ordersell 22150 14.4 1710388437604 0
sell 22150 15.4 1710388442627 -4.700000000000001
orderbuy 22150 21.45 1710390873392 0
buy 22150 21.45 1710390878471 0
ordersell 22150 22.45 1710390878471 0
sell 22150 23.05 1710390938447 -3.099999999999998
orderbuy 22150 23.15 1710393674350 0
buy 22150 23.15 1710393679348 0
ordersell 22150 24.15 1710393679349 0
sell 22150 24.9 1710393739395 -1.3499999999999979
orderbuy 22200 24.7 1710396260212 0
buy 22200 24.7 1710396265186 0
ordersell 22200 25.7 1710396265186 0
sell 22200 42.85 1710397830731 16.800000000000004
orderbuy 22250 23.65 1710397835746 0
buy 22250 23.65 1710397840724 0
ordersell 22250 24.65 1710397840724 0
sell 22250 25 1710398030834 18.150000000000006
orderbuy 22150 20.75 1710398035806 0
buy 22150 20.75 1710398040805 0
ordersell 22150 21.75 1710398040806 0
sell 22150 24 1710398125839 21.400000000000006
