orderbuy 44700 22.2 1710474385335 9 16 0
orderbuy 48600 20.7 1710474505383 9 18 0
orderbuy 48600 21.45 1710474815490 9 23 0
orderbuy 44700 20.05 1710474880507 9 24 0
orderbuy 44700 20 1710474980509 9 26 0
orderbuy 48600 20.3 1710475130576 9 28 0
orderbuy 44700 20.05 1710475135553 9 28 0
orderbuy 48600 20.3 1710475155567 9 29 0
orderbuy 44700 20.05 1710475160567 9 29 0
orderbuy 48600 20.35 1710475250597 9 30 0
orderbuy 44700 20.4 1710475445702 9 34 0
orderbuy 44600 23.1 1710475750856 9 39 0
orderbuy 44500 20.1 1710475875882 9 41 0
orderbuy 48500 20.1 1710476020919 9 43 0
orderbuy 44500 20.25 1710476381122 9 49 0
orderbuy 44400 20.05 1710476461181 9 51 0
orderbuy 44300 21.65 1710476491168 9 51 0
orderbuy 48400 20.2 1710476571142 9 52 0
orderbuy 48400 20.3 1710476926178 9 58 0
orderbuy 44300 20.05 1710476986248 9 59 0
orderbuy 48400 20.35 1710477156600 10 2 0
orderbuy 44400 20.95 1710477446387 10 7 0
orderbuy 48400 20 1710478031511 10 17 0
orderbuy 44300 21.9 1710478241607 10 20 0
orderbuy 44200 20.7 1710479217430 10 36 0
orderbuy 44200 20.15 1710479286934 10 38 0
orderbuy 48400 21.3 1710479892167 10 48 0
orderbuy 44500 20.1 1710479947170 10 49 0
orderbuy 44500 20.1 1710479972212 10 49 0
orderbuy 44500 20.35 1710480202247 10 53 0
orderbuy 44500 21.7 1710480412321 10 56 0
orderbuy 44400 20.45 1710480552372 10 59 0
orderbuy 48300 20.25 1710480627393 11 0 0
orderbuy 48300 20.3 1710480787431 11 3 0
orderbuy 44400 20.75 1710480802455 11 3 0
orderbuy 48300 20.3 1710480817466 11 3 0
orderbuy 44400 21.2 1710480832463 11 3 0
orderbuy 48300 20.25 1710480857463 11 4 0
orderbuy 48300 20 1710480937491 11 5 0
orderbuy 48300 20 1710480967517 11 6 0
orderbuy 48300 20.4 1710481312765 11 11 0
orderbuy 48300 20.45 1710481972845 11 22 0
orderbuy 44400 21 1710481997861 11 23 0
orderbuy 44400 21.1 1710482037869 11 23 0
orderbuy 48300 20 1710482132888 11 25 0
orderbuy 48300 20.2 1710482232920 11 27 0
orderbuy 48300 20.05 1710482482997 11 31 0
orderbuy 48300 20.3 1710482507995 11 31 0
orderbuy 48300 20.3 1710482538020 11 32 0
orderbuy 44400 20.15 1710482563020 11 32 0
orderbuy 44400 20.15 1710482593054 11 33 0
orderbuy 48300 20.5 1710482823127 11 37 0
orderbuy 44400 20 1710483188226 11 43 0
orderbuy 48300 20.15 1710483203224 11 43 0
orderbuy 44400 20 1710483218235 11 43 0
orderbuy 48300 20.15 1710483228237 11 43 0
orderbuy 48300 20.25 1710483323278 11 45 0
orderbuy 48300 20 1710483453405 11 47 0
orderbuy 44400 20.2 1710483833482 11 53 0
orderbuy 48300 20.25 1710484583673 12 6 0
orderbuy 44400 20.6 1710484658772 12 7 0
orderbuy 44400 21.65 1710485208860 12 16 0
orderbuy 44400 20.15 1710485258892 12 17 0
orderbuy 48300 23.75 1710492068674 14 11 0
orderbuy 44800 22.6 1710493140223 14 29 0
