orderbuy 49000 20.45 1710388067198 0
buy 49000 20.45 1710388072136 0
ordersell 49000 21.45 1710388072136 0
sell 49000 22.05 1710388572266 1.6000000000000014
orderbuy 44100 20.35 1710388597278 0
buy 44100 20.35 1710388602288 0
ordersell 44100 21.35 1710388602288 0
sell 44100 21.45 1710388792354 2.6999999999999993
orderbuy 44000 20.2 1710388922399 0
buy 44000 20.2 1710388927390 0
ordersell 44000 21.2 1710388927390 0
cancelsell 44000 21.2 1710389202557 0
ordersell 44000 16.15 1710389202560 0
sell 44000 17.15 1710389207522 -0.3500000000000014
orderbuy 44200 20.3 1710389297627 0
buy 44200 20.3 1710389302513 0
ordersell 44200 21.3 1710389302513 0
cancelsell 44200 21.3 1710390602972 0
ordersell 44200 16.25 1710390602976 0
sell 44200 17.25 1710390607964 -3.400000000000002
orderbuy 44300 20.5 1710391278393 0
buy 44300 20.5 1710391283258 0
ordersell 44300 21.5 1710391283258 0
sell 44300 21.9 1710391583340 -2.0000000000000036
orderbuy 44200 20 1710391768422 0
buy 44200 20 1710391773364 0
ordersell 44200 21 1710391773364 0
cancelsell 44200 21 1710392103516 0
ordersell 44200 15.95 1710392103520 0
sell 44200 16.95 1710392108454 -5.050000000000004
orderbuy 44300 20.65 1710392318526 0
buy 44300 20.65 1710392323521 0
ordersell 44300 21.65 1710392323522 0
cancelsell 44300 21.65 1710392778746 0
ordersell 44300 15.55 1710392778749 0
sell 44300 16.55 1710392783663 -9.150000000000002
orderbuy 49000 20.15 1710393073804 0
buy 49000 20.15 1710393078800 0
ordersell 49000 21.15 1710393078801 0
sell 49000 25.75 1710393128839 -3.5500000000000007
orderbuy 49100 22.05 1710393133821 0
buy 49100 22.05 1710393138801 0
ordersell 49100 23.05 1710393138801 0
cancelsell 49100 23.05 1710393609013 0
ordersell 49100 16.8 1710393609016 0
sell 49100 17.8 1710393613931 -7.800000000000001
orderbuy 49100 21.9 1710393749002 0
buy 49100 21.9 1710393754005 0
ordersell 49100 22.9 1710393754005 0
cancelsell 49100 22.9 1710394534346 0
ordersell 49100 16.8 1710394534350 0
sell 49100 17.8 1710394539303 -11.899999999999999
orderbuy 49100 20.7 1710394759539 0
buy 49100 20.7 1710394764390 0
ordersell 49100 21.7 1710394764391 0
sell 49100 21.9 1710395025145 -10.699999999999996
orderbuy 49200 20 1710395094471 0
buy 49200 20 1710395099609 0
ordersell 49200 21 1710395099609 0
cancelsell 49200 21 1710398630608 0
ordersell 49200 15.75 1710398630612 0
sell 49200 16.75 1710398635589 -13.949999999999996
orderbuy 49100 20.1 1710398960699 0
buy 49100 20.1 1710398965737 0
ordersell 49100 21.1 1710398965737 0
sell 49100 21.2 1710399325842 -12.849999999999998
orderbuy 49100 20.1 1710399981013 0
buy 49100 20.1 1710399986050 0
ordersell 49100 21.1 1710399986050 0
cancelsell 49100 21.1 1710400526181 0
ordersell 49100 14.4 1710400526184 0
sell 49100 15.4 1710400531204 -17.550000000000004
orderbuy 44600 20.3 1710400551194 0
buy 44600 20.3 1710400556215 0
ordersell 44600 21.3 1710400556215 0
sell 44600 22.1 1710400656227 -15.750000000000007
orderbuy 49000 20.45 1710401001329 0
buy 49000 20.45 1710401006359 0
ordersell 49000 21.45 1710401006359 0
sell 49000 21.55 1710401406456 -14.650000000000002
orderbuy 44700 20.1 1710402061672 0
buy 44700 20.1 1710402066696 0
ordersell 44700 21.1 1710402066696 0
sell 44700 23.55 1710403792280 -11.2
orderbuy 44600 20.55 1710403797206 0
buy 44600 20.55 1710403802223 0
ordersell 44600 21.55 1710403802224 0
cancelsell 44600 21.55 1710404437392 0
ordersell 44600 15.55 1710404437395 0
sell 44600 16.55 1710404442413 -15.2
orderbuy 44700 20.7 1710404652489 0
buy 44700 20.7 1710404657498 0
ordersell 44700 21.7 1710404657498 0
sell 44700 21.9 1710404777518 -14
orderbuy 44600 20.2 1710405222726 0
buy 44600 20.2 1710405227676 0
ordersell 44600 21.2 1710405227676 0
sell 44600 21.45 1710405307702 -12.750000000000004
orderbuy 44600 20.6 1710405457760 0
buy 44600 20.6 1710405462760 0
ordersell 44600 21.6 1710405462760 0
cancelsell 44600 21.6 1710406523146 0
ordersell 44600 15.350000000000001 1710406523149 0
sell 44600 16.35 1710406528108 -17.000000000000007
orderbuy 44700 20.05 1710406638203 0
buy 44700 20.05 1710406643322 0
ordersell 44700 21.05 1710406643322 0
sell 44700 21.1 1710406678172 -15.95000000000001
orderbuy 44700 21.4 1710406933262 0
buy 44700 21.4 1710406938213 0
ordersell 44700 22.4 1710406938214 0
sell 44700 22.45 1710407753504 -14.90000000000001
orderbuy 44600 21 1710407803493 0
buy 44600 21 1710407808512 0
ordersell 44600 22 1710407808512 0
