orderbuy 21600 20.45 1710907244377 9 30 0
buy 21600 20.45 1710907249347 9 30 0
ordersell 21600 21.45 1710907249347 9 30 0
cancelsell 21600 21.45 1710907309403 9 31 0
ordersell 21600 16.2 1710907309405 9 31 0
sell 21600 17.2 1710907314495 9 31 -3.25
orderbuy 21600 20.75 1710907374417 9 32 0
buy 21600 20.75 1710907379408 9 32 0
ordersell 21600 21.75 1710907379409 9 32 0
cancelsell 21600 21.75 1710907519494 9 35 0
ordersell 21600 16.85 1710907519496 9 35 0
sell 21600 17.85 1710907524462 9 35 -6.149999999999999
orderbuy 21550 21.8 1710909210016 10 3 0
buy 21550 21.8 1710909215052 10 3 0
ordersell 21550 22.8 1710909215052 10 3 0
cancelsell 21550 22.8 1710909225018 10 3 0
ordersell 21550 17.3 1710909225018 10 3 0
sell 21550 18.3 1710909230047 10 3 -9.649999999999999
orderbuy 21550 22.1 1710909530158 10 8 0
buy 21550 22.1 1710909535137 10 8 0
ordersell 21550 23.1 1710909535138 10 8 0
cancelsell 21550 23.1 1710909610183 10 10 0
ordersell 21550 18.9 1710909610184 10 10 0
sell 21550 19.9 1710909615169 10 10 -11.850000000000001
orderbuy 21500 21.05 1710911931027 10 48 0
buy 21500 21.05 1710911936010 10 48 0
ordersell 21500 22.05 1710911936010 10 48 0
cancelsell 21500 22.05 1710912426265 10 57 0
ordersell 21500 15.75 1710912426268 10 57 0
sell 21500 16.75 1710912431226 10 57 -16.150000000000006
orderbuy 21550 20.05 1710914101847 11 25 0
buy 21550 20.05 1710914106826 11 25 0
ordersell 21550 21.05 1710914106826 11 25 0
cancelsell 21550 21.05 1710914321924 11 28 0
ordersell 21550 16.8 1710914321927 11 28 0
sell 21550 17.8 1710914326883 11 28 -18.400000000000002
orderbuy 22100 20.35 1710915417248 11 46 0
buy 22100 20.35 1710915422243 11 47 0
ordersell 22100 21.35 1710915422243 11 47 0
cancelsell 22100 21.35 1710915552321 11 49 0
ordersell 22100 17.15 1710915552323 11 49 0
sell 22100 18.15 1710915557349 11 49 -20.6
orderbuy 22050 21.55 1710919748864 12 59 0
buy 22050 21.55 1710919753793 12 59 0
ordersell 22050 22.55 1710919753794 12 59 0
sell 22050 23.3 1710919763843 12 59 -18.850000000000005
orderbuy 22100 20.3 1710921309355 13 25 0
buy 22100 20.3 1710921314331 13 25 0
ordersell 22100 21.3 1710921314331 13 25 0
cancelsell 22100 21.3 1710921654434 13 30 0
ordersell 22100 17.1 1710921654437 13 30 0
sell 22100 18.1 1710921659432 13 30 -21.050000000000004
orderbuy 21700 20.25 1710921724484 13 32 0
buy 21700 20.25 1710921729456 13 32 0
ordersell 21700 21.25 1710921729456 13 32 0
sell 21700 21.55 1710922039640 13 37 -19.750000000000004
orderbuy 21650 20.1 1710925690951 14 38 0
buy 21650 20.1 1710925695922 14 38 0
ordersell 21650 21.1 1710925695923 14 38 0
cancelsell 21650 21.1 1710925925998 14 42 0
ordersell 21650 15.649999999999999 1710925925999 14 42 0
sell 21650 16.65 1710925931018 14 42 -23.20000000000001
