orderbuy 10675 21.25 1710474599299 9 19 0
buy 10675 21.25 1710474604321 9 20 0
ordersell 10675 22.25 1710474604321 9 20 0
sell 10675 22.6 1710474669331 9 21 1.3500000000000014
orderbuy 10700 20.4 1710474689332 9 21 0
buy 10700 20.4 1710474694353 9 21 0
ordersell 10700 21.4 1710474694353 9 21 0
cancelsell 10700 21.4 1710474809383 9 23 0
ordersell 10700 16.15 1710474809385 9 23 0
sell 10700 17.15 1710474814374 9 23 -1.8999999999999986
orderbuy 10650 20.8 1710475184478 9 29 0
buy 10650 20.8 1710475189497 9 29 0
ordersell 10650 21.8 1710475189497 9 29 0
cancelsell 10650 21.8 1710475474572 9 34 0
ordersell 10650 15.649999999999999 1710475474573 9 34 0
sell 10650 16.65 1710475479555 9 34 -6.050000000000001
orderbuy 10625 20.9 1710475524578 9 35 0
buy 10625 20.9 1710475529576 9 35 0
ordersell 10625 21.9 1710475529576 9 35 0
cancelsell 10625 21.9 1710475854755 9 40 0
ordersell 10625 16.3 1710475854758 9 40 0
sell 10625 17.3 1710475859734 9 40 -9.649999999999999
orderbuy 10125 22.3 1710475919774 9 41 0
buy 10125 22.3 1710475924789 9 42 0
ordersell 10125 23.3 1710475924790 9 42 0
cancelsell 10125 23.3 1710476019777 9 43 0
ordersell 10125 17.45 1710476019778 9 43 0
sell 10125 18.45 1710476024796 9 43 -13.5
orderbuy 10600 20 1710476254867 9 47 0
buy 10600 20 1710476259844 9 47 0
ordersell 10600 21 1710476259844 9 47 0
cancelsell 10600 21 1710476439946 9 50 0
ordersell 10600 15.25 1710476439948 9 50 0
sell 10600 16.25 1710476444892 9 50 -17.25
orderbuy 10125 21.55 1710476479959 9 51 0
buy 10125 21.55 1710476484908 9 51 0
ordersell 10125 22.55 1710476484908 9 51 0
cancelsell 10125 22.55 1710476865114 9 57 0
ordersell 10125 16.3 1710476865116 9 57 0
sell 10125 17.3 1710476870035 9 57 -21.499999999999996
orderbuy 10175 20.5 1710477360188 10 6 0
buy 10175 20.5 1710477365196 10 6 0
ordersell 10175 21.5 1710477365196 10 6 0
sell 10175 22.7 1710477435214 10 7 -19.3
orderbuy 10575 20.05 1710477440204 10 7 0
buy 10575 20.05 1710477445227 10 7 0
ordersell 10575 21.05 1710477445228 10 7 0
cancelsell 10575 21.05 1710478205519 10 20 0
ordersell 10575 15.55 1710478205521 10 20 0
sell 10575 16.55 1710478210461 10 20 -22.8
orderbuy 10175 22.95 1710478275564 10 21 0
buy 10175 22.95 1710478280509 10 21 0
ordersell 10175 23.95 1710478280509 10 21 0
sell 10175 24.85 1710478390606 10 23 -20.9
orderbuy 10150 20.9 1710478395548 10 23 0
buy 10150 20.9 1710478400576 10 23 0
ordersell 10150 21.9 1710478400576 10 23 0
sell 10150 22.9 1710479130790 10 35 -18.9
orderbuy 10125 20.4 1710479195799 10 36 0
buy 10125 20.4 1710479200834 10 36 0
ordersell 10125 21.4 1710479200834 10 36 0
cancelsell 10125 21.4 1710479435927 10 40 0
ordersell 10125 15.850000000000001 1710479435928 10 40 0
sell 10125 16.85 1710479440888 10 40 -22.449999999999996
orderbuy 10525 20.65 1710479625963 10 43 0
buy 10525 20.65 1710479630972 10 43 0
ordersell 10525 21.65 1710479630973 10 43 0
sell 10525 21.65 1710479886044 10 48 -21.449999999999996
orderbuy 10200 20.5 1710480121154 10 52 0
buy 10200 20.5 1710480126155 10 52 0
ordersell 10200 21.5 1710480126155 10 52 0
sell 10200 21.85 1710480591271 10 59 -20.099999999999994
orderbuy 10525 20.5 1710481096695 11 8 0
buy 10525 20.5 1710481101429 11 8 0
ordersell 10525 21.5 1710481101429 11 8 0
cancelsell 10525 21.5 1710481271490 11 11 0
ordersell 10525 16.25 1710481271492 11 11 0
sell 10525 17.6 1710481276567 11 11 -22.999999999999993
orderbuy 10525 20.1 1710481676698 11 17 0
buy 10525 20.1 1710481681632 11 18 0
ordersell 10525 21.1 1710481681632 11 18 0
sell 10525 21.2 1710481761716 11 19 -21.899999999999995
orderbuy 10525 20.2 1710482822007 11 37 0
buy 10525 20.2 1710482826993 11 37 0
ordersell 10525 21.2 1710482826994 11 37 0
sell 10525 21.2 1710483512269 11 48 -20.899999999999995
orderbuy 10200 20 1710483952649 11 55 0
buy 10200 20 1710483957336 11 55 0
ordersell 10200 21 1710483957336 11 55 0
sell 10200 21.9 1710484077385 11 57 -18.999999999999993
orderbuy 10200 20 1710484722686 12 8 0
buy 10200 20 1710484727610 12 8 0
ordersell 10200 21 1710484727611 12 8 0
sell 10200 22.25 1710485062846 12 14 -16.749999999999993
orderbuy 10500 20.7 1710485122900 12 15 0
buy 10500 20.7 1710485127753 12 15 0
ordersell 10500 21.7 1710485127753 12 15 0
cancelsell 10500 21.7 1710485883040 12 28 0
ordersell 10500 16.45 1710485883042 12 28 0
sell 10500 18.1 1710485888047 12 28 -19.349999999999987
orderbuy 10200 20.25 1710485963052 12 29 0
buy 10200 20.25 1710485968024 12 29 0
ordersell 10200 21.25 1710485968024 12 29 0
sell 10200 21.7 1710486088080 12 31 -17.899999999999988
orderbuy 10200 20.6 1710486228119 12 33 0
buy 10200 20.6 1710486233133 12 33 0
ordersell 10200 21.6 1710486233133 12 33 0
cancelsell 10200 21.6 1710492068676 14 11 0
ordersell 10200 3.75 1710492068683 14 11 0
sell 10200 4.75 1710492073647 14 11 -33.749999999999986
orderbuy 10350 22.3 1710493140173 14 29 0
buy 10350 22.3 1710493144072 14 29 0
ordersell 10350 23.3 1710493144073 14 29 0
