orderbuy 21100 23.55 1710993099662 9 21 0
buy 21100 23.55 1710993104705 9 21 0
ordersell 21100 24.55 1710993104706 9 21 0
sell 21100 26.35 1710993114669 9 21 2.8000000000000007
orderbuy 21100 20.1 1710993309702 9 25 0
buy 21100 20.1 1710993314751 9 25 0
ordersell 21100 21.1 1710993314751 9 25 0
sell 21100 27.2 1710993379720 9 26 9.899999999999999
orderbuy 21150 20.45 1710993384713 9 26 0
buy 21150 20.45 1710993389733 9 26 0
ordersell 21150 21.45 1710993389734 9 26 0
cancelsell 21150 21.45 1710993754908 9 32 0
ordersell 21150 17.15 1710993754911 9 32 0
sell 21150 18.15 1710993759807 9 32 7.599999999999998
orderbuy 21150 22.05 1710994064905 9 37 0
buy 21150 22.05 1710994069883 9 37 0
ordersell 21150 23.05 1710994069883 9 37 0
cancelsell 21150 23.05 1710994079969 9 37 0
ordersell 21150 17.2 1710994079970 9 37 0
sell 21150 18.2 1710994084955 9 38 3.7499999999999964
orderbuy 21150 20.3 1710994310040 9 41 0
buy 21150 20.3 1710994315048 9 41 0
ordersell 21150 21.3 1710994315049 9 41 0
cancelsell 21150 21.3 1710994780236 9 49 0
ordersell 21150 15.7 1710994780239 9 49 0
sell 21150 16.7 1710994785182 9 49 0.14999999999999503
orderbuy 20400 20 1710995321114 9 58 0
buy 20400 20 1710995325377 9 58 0
ordersell 20400 21 1710995325378 9 58 0
cancelsell 20400 21 1710995825549 10 7 0
ordersell 20400 16.1 1710995825551 10 7 0
sell 20400 17.1 1710995830489 10 7 -2.7500000000000036
orderbuy 21200 20 1710996245659 10 14 0
buy 21200 20 1710996250641 10 14 0
ordersell 21200 21 1710996250641 10 14 0
cancelsell 21200 21 1710996400725 10 16 0
ordersell 21200 16.8 1710996400727 10 16 0
sell 21200 17.8 1710996405694 10 16 -4.950000000000003
orderbuy 20450 20.55 1710996555749 10 19 0
buy 20450 20.55 1710996560776 10 19 0
ordersell 20450 21.55 1710996560776 10 19 0
sell 20450 21.55 1710996775846 10 22 -3.950000000000003
orderbuy 21150 20.85 1710996780815 10 23 0
buy 21150 20.85 1710996800926 10 23 0
ordersell 21150 21.85 1710996800928 10 23 0
sell 21150 21.95 1710996847093 10 24 -2.850000000000005
orderbuy 20450 20.7 1710999507138 11 8 0
buy 20450 20.7 1710999511717 11 8 0
ordersell 20450 21.7 1710999511717 11 8 0
sell 20450 21.7 1711002277643 11 54 -1.850000000000005
orderbuy 20400 22.6 1711003187930 12 9 0
buy 20400 22.6 1711003193121 12 9 0
ordersell 20400 23.6 1711003193121 12 9 0
sell 20400 27.95 1711003272977 12 11 3.499999999999993
orderbuy 20350 22.05 1711003277949 12 11 0
buy 20350 22.05 1711003282983 12 11 0
ordersell 20350 23.05 1711003282983 12 11 0
cancelsell 20350 23.05 1711003353019 12 12 0
ordersell 20350 16.9 1711003353022 12 12 0
sell 20350 17.9 1711003357975 12 12 -0.6500000000000092
orderbuy 20350 20.55 1711003563156 12 16 0
buy 20350 20.55 1711003568036 12 16 0
ordersell 20350 21.55 1711003568036 12 16 0
cancelsell 20350 21.55 1711004013169 12 23 0
ordersell 20350 17.25 1711004013171 12 23 0
sell 20350 18.25 1711004018152 12 23 -2.95000000000001
orderbuy 21050 20.05 1711004713374 12 35 0
buy 21050 20.05 1711004718431 12 35 0
ordersell 21050 21.05 1711004718431 12 35 0
sell 21050 21.35 1711004953474 12 39 -1.6500000000000092
orderbuy 20400 20 1711005243548 12 44 0
buy 20400 20 1711005248530 12 44 0
ordersell 20400 21 1711005248530 12 44 0
cancelsell 20400 21 1711006428908 13 3 0
ordersell 20400 16.5 1711006428911 13 3 0
sell 20400 17.5 1711006433917 13 3 -4.150000000000009
orderbuy 20400 20.2 1711009164822 13 49 0
buy 20400 20.2 1711009169824 13 49 0
ordersell 20400 21.2 1711009169825 13 49 0
cancelsell 20400 21.2 1711010160022 14 6 0
ordersell 20400 15.45 1711010160025 14 6 0
sell 20400 16.45 1711010165020 14 6 -7.900000000000009
