orderbuy 9900 158 1710388243821 0
buy 9900 20 1710388248792 0
ordersell 9900 21 1710388248792 0
cancelsell 9900 21 1710388418847 0
ordersell 9900 15.7 1710388418850 0
sell 9900 16.7 1710388423841 -3.3000000000000007
orderbuy 10725 20.8 1710388433850 0
buy 10725 20.8 1710388438847 0
ordersell 10725 21.8 1710388438848 0
sell 10725 25.3 1710388503881 1.1999999999999993
orderbuy 10750 21.9 1710388508920 0
buy 10750 21.9 1710388513878 0
ordersell 10750 22.9 1710388513878 0
sell 10750 27.15 1710388573906 6.449999999999999
orderbuy 10800 20.3 1710388578891 0
buy 10800 20.3 1710388583903 0
ordersell 10800 21.3 1710388583904 0
sell 10800 21.6 1710388698948 7.75
orderbuy 10025 21.15 1710388758945 0
buy 10025 21.15 1710388763964 0
ordersell 10025 22.15 1710388763965 0
sell 10025 23.55 1710388818968 10.150000000000002
orderbuy 10000 21.05 1710388823955 0
buy 10000 21.05 1710388828973 0
ordersell 10000 22.05 1710388828973 0
sell 10000 31.1 1710388914002 20.200000000000003
orderbuy 9925 22 1710388919017 0
buy 9925 22 1710388924000 0
ordersell 9925 23 1710388924001 0
cancelsell 9925 23 1710389154374 0
ordersell 9925 14.6 1710389154376 0
sell 9925 15.6 1710389159065 13.800000000000002
orderbuy 10775 21.1 1710389219173 0
buy 10775 21.1 1710389224089 0
ordersell 10775 22.1 1710389224090 0
cancelsell 10775 22.1 1710389374311 0
ordersell 10775 16.75 1710389374313 0
sell 10775 17.75 1710389379147 10.450000000000001
orderbuy 10775 20.35 1710389614294 0
buy 10775 20.35 1710389619227 0
ordersell 10775 21.35 1710389619227 0
cancelsell 10775 21.35 1710389784389 0
ordersell 10775 16 1710389784392 0
sell 10775 17 1710389789284 7.1
orderbuy 9925 20.2 1710389884404 0
buy 9925 20.2 1710389889345 0
ordersell 9925 21.2 1710389889345 0
cancelsell 9925 21.2 1710390544699 0
ordersell 9925 15.899999999999999 1710390544701 0
sell 9925 16.9 1710390549559 3.799999999999999
orderbuy 9950 20 1710390574725 0
buy 9950 20 1710390579615 0
ordersell 9950 21 1710390579616 0
cancelsell 9950 21 1710390694782 0
ordersell 9950 15.399999999999999 1710390694784 0
sell 9950 16.4 1710390699658 0.19999999999999574
orderbuy 10000 20.5 1710390844638 0
buy 10000 20.5 1710390849639 0
ordersell 10000 21.5 1710390849639 0
cancelsell 10000 21.5 1710391965057 0
ordersell 10000 16 1710391965060 0
sell 10000 17 1710391969998 -3.3000000000000043
orderbuy 10050 20.5 1710392045018 0
buy 10050 20.5 1710392050007 0
ordersell 10050 21.5 1710392050007 0
cancelsell 10050 21.5 1710392230176 0
ordersell 10050 16.3 1710392230179 0
sell 10050 17.3 1710392235087 -6.5000000000000036
orderbuy 10075 20.5 1710392310109 0
buy 10075 20.5 1710392315298 0
ordersell 10075 21.5 1710392315298 0
cancelsell 10075 21.5 1710392750318 0
ordersell 10075 15.600000000000001 1710392750321 0
sell 10075 16.6 1710392755257 -10.400000000000002
orderbuy 10150 20.4 1710393170444 0
buy 10150 20.4 1710393175411 0
ordersell 10150 21.4 1710393175411 0
cancelsell 10150 21.4 1710393530500 0
ordersell 10150 15.600000000000001 1710393530503 0
sell 10150 16.6 1710393535591 -14.2
orderbuy 10175 20.65 1710393630724 0
buy 10175 20.65 1710393635580 0
ordersell 10175 21.65 1710393635581 0
cancelsell 10175 21.65 1710394356516 0
ordersell 10175 16 1710394356519 0
sell 10175 17 1710394360790 -17.849999999999994
orderbuy 10200 20.65 1710394370854 0
buy 10200 20.65 1710394375788 0
ordersell 10200 21.65 1710394375789 0
sell 10200 21.95 1710395256183 -16.549999999999994
orderbuy 10725 20.55 1710395261054 0
buy 10725 20.55 1710395266039 0
ordersell 10725 21.55 1710395266040 0
cancelsell 10725 21.55 1710395981289 0
ordersell 10725 16.5 1710395981292 0
sell 10725 17.5 1710395986401 -19.599999999999994
orderbuy 10725 21.2 1710396266363 0
buy 10725 21.2 1710396271350 0
ordersell 10725 22.2 1710396271350 0
sell 10725 22.7 1710396406750 -18.099999999999998
orderbuy 10200 21.6 1710396411401 0
buy 10200 21.6 1710396426401 0
ordersell 10200 22.6 1710396426402 0
cancelsell 10200 22.6 1710396831549 0
ordersell 10200 16.65 1710396831551 0
sell 10200 17.65 1710396856580 -22.050000000000004
orderbuy 10750 20 1710396876605 0
buy 10750 20 1710396881557 0
ordersell 10750 21 1710396881558 0
cancelsell 10750 21 1710399217372 0
ordersell 10750 15.899999999999999 1710399217374 0
sell 10750 16.9 1710399222378 -25.150000000000006
orderbuy 10225 20.25 1710399402440 0
buy 10225 20.25 1710399407440 0
ordersell 10225 21.25 1710399407440 0
sell 10225 22.1 1710400122687 -23.300000000000004
orderbuy 10200 20.1 1710400172689 0
buy 10200 20.1 1710400177767 0
ordersell 10200 21.1 1710400177767 0
sell 10200 22.1 1710400407778 -21.300000000000004
orderbuy 10175 20.05 1710400517800 0
buy 10175 20.05 1710400547811 0
ordersell 10175 21.05 1710400547816 0
sell 10175 21.45 1710400567818 -19.90000000000001
orderbuy 10150 21.2 1710400692892 0
buy 10150 21.2 1710400697843 0
ordersell 10150 22.2 1710400697843 0
sell 10150 24.6 1710400852906 -16.500000000000007
orderbuy 10125 21.75 1710400857926 0
buy 10125 21.75 1710400862903 0
ordersell 10125 22.75 1710400862903 0
cancelsell 10125 22.75 1710401002982 0
ordersell 10125 17.55 1710401002982 0
sell 10125 18.55 1710401007960 -19.700000000000006
orderbuy 10125 20.85 1710401098009 0
buy 10125 20.85 1710401102991 0
ordersell 10125 21.85 1710401102991 0
cancelsell 10125 21.85 1710401303101 0
ordersell 10125 16.15 1710401303101 0
sell 10125 17.15 1710401308088 -23.400000000000013
orderbuy 10700 20.6 1710401368091 0
buy 10700 20.6 1710401373103 0
ordersell 10700 21.6 1710401373104 0
sell 10700 21.65 1710401503131 -22.350000000000016
orderbuy 10175 20.55 1710401523136 0
buy 10175 20.55 1710401528159 0
ordersell 10175 21.55 1710401528160 0
cancelsell 10175 21.55 1710401663182 0
ordersell 10175 16.5 1710401663183 0
sell 10175 17.5 1710401668173 -25.40000000000002
orderbuy 10200 20.3 1710402588554 0
buy 10200 20.3 1710402593499 0
ordersell 10200 21.3 1710402593499 0
sell 10200 21.35 1710403573821 -24.350000000000016
orderbuy 10175 21 1710403799176 0
buy 10175 21 1710403803943 0
ordersell 10175 22 1710403803943 0
sell 10175 22.75 1710404279015 -22.600000000000016
orderbuy 10675 20.65 1710404344011 0
buy 10675 20.65 1710404349033 0
ordersell 10675 21.65 1710404349033 0
sell 10675 21.75 1710404474169 -21.500000000000014
orderbuy 10175 20.4 1710404624145 0
buy 10175 20.4 1710404629136 0
ordersell 10175 21.4 1710404629136 0
sell 10175 21.65 1710404719198 -20.250000000000014
orderbuy 10150 20.45 1710404804196 0
buy 10150 20.45 1710404809218 0
ordersell 10150 21.45 1710404809218 0
cancelsell 10150 21.45 1710405369390 0
ordersell 10150 16.2 1710405369393 0
sell 10150 17.2 1710405374369 -23.500000000000018
orderbuy 10150 21 1710405539426 0
buy 10150 21 1710405544503 0
ordersell 10150 22 1710405544503 0
sell 10150 22.35 1710405699508 -22.150000000000013
orderbuy 10650 21.15 1710405714492 0
buy 10650 21.15 1710405719462 0
ordersell 10650 22.15 1710405719464 0
sell 10650 23 1710406494810 -20.30000000000001
orderbuy 10200 20.95 1710406620052 0
buy 10200 20.95 1710406624768 0
ordersell 10200 21.95 1710406624768 0
sell 10200 22.65 1710406744816 -18.600000000000016
orderbuy 10225 20.05 1710407555067 0
buy 10225 20.05 1710407560044 0
ordersell 10225 21.05 1710407560045 0
sell 10225 21.1 1710407605067 -17.55000000000002
orderbuy 10225 20.8 1710408555324 0
buy 10225 20.8 1710408560338 0
ordersell 10225 21.8 1710408560338 0
