orderbuy 48600 20.8 1710992841511 9 17 0
orderbuy 48600 20.65 1710992996476 9 19 0
orderbuy 48700 21 1710993131469 9 22 0
orderbuy 48700 21 1710993176462 9 22 0
orderbuy 44700 20.05 1710993271577 9 24 0
orderbuy 44700 20.05 1710993296524 9 24 0
orderbuy 44700 20.05 1710993471554 9 27 0
orderbuy 48600 20.2 1710993781622 9 33 0
orderbuy 48600 21.95 1710994061686 9 37 0
orderbuy 44800 21.3 1710994116767 9 38 0
orderbuy 48600 20.25 1710994266804 9 41 0
orderbuy 48600 20.15 1710994536899 9 45 0
orderbuy 48600 20.15 1710994711907 9 48 0
orderbuy 44800 20.05 1710994716958 9 48 0
orderbuy 48600 20.15 1710994742105 9 49 0
orderbuy 44800 20.05 1710994746917 9 49 0
orderbuy 44800 21.15 1710994766993 9 49 0
orderbuy 44800 20.05 1710995472194 10 1 0
orderbuy 44800 20.2 1710995782224 10 6 0
orderbuy 48600 23.9 1710995857251 10 7 0
orderbuy 48700 20.95 1710996162357 10 12 0
orderbuy 48700 20.5 1710996572485 10 19 0
orderbuy 48600 21.8 1710996762523 10 22 0
orderbuy 44800 20 1710997307785 10 31 0
orderbuy 48600 20.1 1710997782886 10 39 0
orderbuy 48600 20.1 1710997824011 10 40 0
orderbuy 48600 20.1 1710997942909 10 42 0
orderbuy 44800 21.35 1710998077961 10 44 0
orderbuy 44800 20.7 1710998923221 10 58 0
orderbuy 48600 20 1710999338345 11 5 0
orderbuy 44900 20.5 1711000733872 11 28 0
orderbuy 48500 20.85 1711001524122 11 42 0
orderbuy 48500 20.05 1711001729602 11 45 0
orderbuy 48500 20.15 1711001954182 11 49 0
orderbuy 48500 20 1711002089216 11 51 0
orderbuy 48500 20 1711002114219 11 51 0
orderbuy 44800 20 1711002379302 11 56 0
orderbuy 44800 20.2 1711002729665 12 2 0
orderbuy 44800 20.15 1711002849436 12 4 0
orderbuy 48400 20.1 1711002984442 12 6 0
orderbuy 48400 20 1711003089466 12 8 0
orderbuy 44800 21.5 1711003214549 12 10 0
orderbuy 44800 20.05 1711003429584 12 13 0
orderbuy 44700 21 1711003619671 12 16 0
orderbuy 48400 20 1711003749668 12 19 0
orderbuy 48400 20 1711004104751 12 25 0
orderbuy 48400 20 1711004149768 12 25 0
orderbuy 44800 20.1 1711004349825 12 29 0
orderbuy 48400 20.05 1711004564959 12 32 0
orderbuy 44800 20.1 1711004619865 12 33 0
orderbuy 48400 20.05 1711004619906 12 33 0
orderbuy 48400 20.15 1711004644953 12 34 0
orderbuy 44900 20.1 1711005270158 12 44 0
orderbuy 44900 20.1 1711005580303 12 49 0
orderbuy 48400 20.15 1711006480483 13 4 0
orderbuy 48400 20.15 1711006520644 13 5 0
orderbuy 48400 20.05 1711006835652 13 10 0
orderbuy 48400 20.2 1711008421076 13 37 0
orderbuy 48400 20.45 1711008481106 13 38 0
orderbuy 45000 20.3 1711008856194 13 44 0
orderbuy 45000 21.05 1711008906315 13 45 0
orderbuy 48300 20 1711009356521 13 52 0
orderbuy 44900 20.35 1711009551426 13 55 0
orderbuy 44900 20.35 1711009586423 13 56 0
orderbuy 48300 20.4 1711009956526 14 2 0
orderbuy 48300 20.15 1711010026605 14 3 0
orderbuy 45000 20.7 1711010126587 14 5 0
orderbuy 45000 20 1711010271816 14 7 0
orderbuy 45000 20.65 1711012127670 14 38 0
orderbuy 45000 20 1711012527805 14 45 0
orderbuy 45000 20.1 1711012642755 14 47 0
orderbuy 45000 20 1711012762747 14 49 0
orderbuy 45000 20.35 1711013462960 15 1 0
orderbuy 45000 20.35 1711013507941 15 1 0
