orderbuy 47000 21.9 1710907655121 9 37 0
orderbuy 46000 21 1710908150299 9 45 0
orderbuy 45800 25.45 1710909350779 10 5 0
orderbuy 45600 22.5 1710910005997 10 16 0
orderbuy 45600 20 1710910296098 10 21 0
orderbuy 45400 22.8 1710911721616 10 45 0
orderbuy 45500 20.4 1710912226797 10 53 0
orderbuy 46500 21.9 1710912592083 10 59 0
orderbuy 46600 21.4 1710912827079 11 3 0
orderbuy 46600 21.6 1710913142194 11 9 0
orderbuy 45700 23.85 1710914162634 11 26 0
orderbuy 45700 20.8 1710914292614 11 28 0
orderbuy 45700 20.8 1710914297632 11 28 0
orderbuy 45700 20.8 1710914302581 11 28 0
orderbuy 45700 20.8 1710914307712 11 28 0
orderbuy 45700 20.8 1710914312564 11 28 0
orderbuy 45700 20.8 1710914317628 11 28 0
orderbuy 45700 20.8 1710914322641 11 28 0
orderbuy 45700 20.8 1710914327566 11 28 0
orderbuy 45700 20.8 1710914332606 11 28 0
orderbuy 45700 20.8 1710914337577 11 28 0
orderbuy 45700 20.8 1710914342609 11 29 0
orderbuy 46500 24.75 1710915312912 11 45 0
orderbuy 46600 20.35 1710915352924 11 45 0
orderbuy 45900 20.6 1710915357930 11 45 0
orderbuy 45900 20.6 1710915362934 11 46 0
orderbuy 45900 20.6 1710915367978 11 46 0
orderbuy 45900 20.6 1710915372934 11 46 0
orderbuy 45900 20.6 1710915377956 11 46 0
orderbuy 45900 20.6 1710915382938 11 46 0
orderbuy 45900 20.6 1710915387941 11 46 0
orderbuy 45900 20.6 1710915392942 11 46 0
orderbuy 45900 20.6 1710915397977 11 46 0
orderbuy 45900 20.6 1710915402946 11 46 0
orderbuy 46700 22.25 1710917878894 12 27 0
orderbuy 46700 20.3 1710920494809 13 11 0
orderbuy 46900 24.05 1710921225044 13 23 0
orderbuy 47000 21.8 1710921280061 13 24 0
orderbuy 46300 24 1710923391139 13 59 0
orderbuy 46100 22 1710924856549 14 24 0
