orderbuy 10425 23.85 1710996077315 10 11 0
buy 10425 23.85 1710996081931 10 11 0
ordersell 10425 24.85 1710996081932 10 11 0
cancelsell 10425 24.85 1710996452040 10 17 0
ordersell 10425 18.6 1710996452043 10 17 0
sell 10425 19.6 1710996457011 10 17 -4.25
orderbuy 10425 20.15 1710996582102 10 19 0
buy 10425 20.15 1710996587189 10 19 0
ordersell 10425 21.15 1710996587190 10 19 0
sell 10425 21.2 1710997534223 10 35 -3.1999999999999993
orderbuy 10225 21.25 1710998012570 10 43 0
buy 10225 21.25 1710998017503 10 43 0
ordersell 10225 22.25 1710998017504 10 43 0
cancelsell 10225 22.25 1710999292956 11 4 0
ordersell 10225 17.2 1710999292959 11 4 0
sell 10225 18.2 1710999297895 11 4 -6.25
orderbuy 10450 20 1711000443284 11 24 0
buy 10450 20 1711000448273 11 24 0
ordersell 10450 21 1711000448273 11 24 0
cancelsell 10450 21 1711001343571 11 39 0
ordersell 10450 16 1711001343576 11 39 0
sell 10450 17 1711001348560 11 39 -9.25
orderbuy 10225 21.05 1711002809069 12 3 0
buy 10225 21.05 1711002813995 12 3 0
ordersell 10225 22.05 1711002813995 12 3 0
sell 10225 22.4 1711003186235 12 9 -7.900000000000002
orderbuy 10225 21 1711003889291 12 21 0
buy 10225 21 1711003894314 12 21 0
ordersell 10225 22 1711003894315 12 21 0
cancelsell 10225 22 1711004194399 12 26 0
ordersell 10225 17.75 1711004194401 12 26 0
sell 10225 18.75 1711004199384 12 26 -10.150000000000002
orderbuy 10225 20 1711004274405 12 27 0
buy 10225 20 1711004279421 12 27 0
ordersell 10225 21 1711004279422 12 27 0
cancelsell 10225 21 1711004989604 12 39 0
ordersell 10225 15.8 1711004989607 12 39 0
sell 10225 16.8 1711004994625 12 39 -13.350000000000001
orderbuy 10250 20.15 1711006245130 13 0 0
buy 10250 20.15 1711006250021 13 0 0
ordersell 10250 21.15 1711006250021 13 0 0
cancelsell 10250 21.15 1711008605725 13 40 0
ordersell 10250 15.05 1711008605729 13 40 0
sell 10250 16.05 1711008610690 13 40 -17.45
orderbuy 10450 22.3 1711012074257 14 37 0
buy 10450 22.3 1711012077568 14 37 0
ordersell 10450 23.3 1711012077568 14 37 0
sell 10450 24.45 1711012197627 14 39 -15.3
orderbuy 10475 20.2 1711012222631 14 40 0
buy 10475 20.2 1711012227584 14 40 0
ordersell 10475 21.2 1711012227584 14 40 0
cancelsell 10475 21.2 1711012527727 14 45 0
ordersell 10475 15.350000000000001 1711012527730 14 45 0
sell 10475 16.35 1711012532658 14 45 -19.15
