orderbuy 22100 20.8 1710992820848 9 17 0
buy 22100 20.8 1710992825843 9 17 0
ordersell 22100 21.8 1710992825843 9 17 0
cancelsell 22100 21.8 1710992885874 9 18 0
ordersell 22100 17.65 1710992885876 9 18 0
sell 22100 18.65 1710992890866 9 18 -2.150000000000002
orderbuy 22100 24.5 1710996081786 10 11 0
buy 22100 24.5 1710996086782 10 11 0
ordersell 22100 25.5 1710996086783 10 11 0
cancelsell 22100 25.5 1710996496901 10 18 0
ordersell 22100 21.2 1710996496905 10 18 0
sell 22100 22.2 1710996501939 10 18 -4.450000000000003
orderbuy 22100 20.35 1710999668120 11 11 0
buy 22100 20.35 1710999673392 11 11 0
ordersell 22100 21.35 1710999673393 11 11 0
cancelsell 22100 21.35 1711000013039 11 16 0
ordersell 22100 16.75 1711000013042 11 16 0
sell 22100 17.75 1711000017994 11 16 -7.050000000000004
orderbuy 22000 20.9 1711001558468 11 42 0
buy 22000 20.9 1711001563444 11 42 0
ordersell 22000 21.9 1711001563444 11 42 0
cancelsell 22000 21.9 1711001598500 11 43 0
ordersell 22000 14.9 1711001598502 11 43 0
sell 22000 15.9 1711001603467 11 43 -12.050000000000002
orderbuy 21950 21.15 1711002839014 12 3 0
buy 21950 21.15 1711002843864 12 4 0
ordersell 21950 22.15 1711002843864 12 4 0
cancelsell 21950 22.15 1711002863925 12 4 0
ordersell 21950 17.95 1711002863925 12 4 0
sell 21950 18.95 1711002868864 12 4 -14.250000000000004
orderbuy 21950 20.3 1711004104237 12 25 0
buy 21950 20.3 1711004109375 12 25 0
ordersell 21950 21.3 1711004109375 12 25 0
sell 21950 22.4 1711004164260 12 26 -12.150000000000006
