orderbuy 20750 20.3 1710820655428 9 27 0
buy 20750 20.3 1710820660404 9 27 0
ordersell 20750 21.3 1710820660405 9 27 0
cancelsell 20750 21.3 1710820685421 9 28 0
ordersell 20750 13.8 1710820685422 9 28 0
sell 20750 14.8 1710820690413 9 28 -5.5
orderbuy 20600 21.15 1710824456812 10 30 0
buy 20600 21.15 1710824461797 10 31 0
ordersell 20600 22.15 1710824461798 10 31 0
sell 20600 24.55 1710824498327 10 31 -2.099999999999998
orderbuy 20600 21.15 1710824511864 10 31 0
buy 20600 21.15 1710824516824 10 31 0
ordersell 20600 22.15 1710824516824 10 31 0
sell 20600 46.65 1710824731897 10 35 23.400000000000002
orderbuy 20600 20.75 1710833740069 13 5 0
buy 20600 20.75 1710833745092 13 5 0
ordersell 20600 21.75 1710833745093 13 5 0
cancelsell 20600 21.75 1710834300328 13 15 0
ordersell 20600 17.55 1710834300331 13 15 0
sell 20600 18.55 1710834305292 13 15 21.200000000000003
