orderbuy 21150 20.85 1710907194174 9 29 0
buy 21150 20.85 1710907199168 9 29 0
ordersell 21150 21.85 1710907199168 9 29 0
cancelsell 21150 21.85 1710908184537 9 46 0
ordersell 21150 17.7 1710908184539 9 46 0
sell 21150 18.7 1710908189554 9 46 -2.150000000000002
orderbuy 20100 20.7 1710908789762 9 56 0
buy 20100 20.7 1710908794753 9 56 0
ordersell 20100 21.7 1710908794753 9 56 0
sell 20100 23.2 1710909074865 10 1 0.34999999999999787
orderbuy 20050 20.7 1710909154889 10 2 0
buy 20050 20.7 1710909159917 10 2 0
ordersell 20050 21.7 1710909159917 10 2 0
sell 20050 25.45 1710909229929 10 3 5.099999999999998
orderbuy 20000 20.95 1710909234922 10 3 0
buy 20000 20.95 1710909254921 10 4 0
ordersell 20000 21.95 1710909254925 10 4 0
cancelsell 20000 21.95 1710909309961 10 5 0
ordersell 20000 17.5 1710909309963 10 5 0
sell 20000 18.5 1710909314941 10 5 2.6499999999999986
orderbuy 20000 20.15 1710909620074 10 10 0
buy 20000 20.15 1710909625049 10 10 0
ordersell 20000 21.15 1710909625050 10 10 0
sell 20000 21.55 1710909760103 10 12 4.050000000000001
orderbuy 21000 20.35 1710910115241 10 18 0
buy 21000 20.35 1710910120232 10 18 0
ordersell 21000 21.35 1710910120233 10 18 0
cancelsell 21000 21.35 1710911750795 10 45 0
ordersell 21000 17.2 1710911750798 10 45 0
sell 21000 18.2 1710911755816 10 45 1.8999999999999986
orderbuy 20950 20.2 1710912125934 10 52 0
buy 20950 20.2 1710912130960 10 52 0
ordersell 20950 21.2 1710912130963 10 52 0
sell 20950 21.3 1710912215970 10 53 3
orderbuy 19900 20 1710912230986 10 53 0
buy 19900 20 1710912235968 10 53 0
ordersell 19900 21 1710912235968 10 53 0
cancelsell 19900 21 1710912271244 10 54 0
ordersell 19900 16.35 1710912271246 10 54 0
sell 19900 17.35 1710912275983 10 54 0.3500000000000014
orderbuy 21000 21.55 1710912651151 11 0 0
buy 21000 21.55 1710912656125 11 0 0
ordersell 21000 22.55 1710912656125 11 0 0
cancelsell 21000 22.55 1710913261444 11 11 0
ordersell 21000 18.45 1710913261446 11 11 0
sell 21000 19.45 1710913266362 11 11 -1.75
orderbuy 20000 20.1 1710913316439 11 11 0
buy 20000 20.1 1710913321393 11 12 0
ordersell 20000 21.1 1710913321393 11 12 0
sell 20000 21.2 1710913481474 11 14 -0.6500000000000021
orderbuy 19950 20.05 1710914176707 11 26 0
buy 19950 20.05 1710914181675 11 26 0
ordersell 19950 21.05 1710914181676 11 26 0
cancelsell 19950 21.05 1710914461777 11 31 0
ordersell 19950 16.25 1710914461780 11 31 0
sell 19950 17.25 1710914466766 11 31 -3.450000000000003
orderbuy 21000 20.15 1710915187037 11 43 0
buy 21000 20.15 1710915192012 11 43 0
ordersell 21000 21.15 1710915192013 11 43 0
sell 21000 21.65 1710915347085 11 45 -1.9500000000000028
orderbuy 21050 20.75 1710917277772 12 17 0
buy 21050 20.75 1710917282783 12 18 0
ordersell 21050 21.75 1710917282784 12 18 0
cancelsell 21050 21.75 1710917302925 12 18 0
ordersell 21050 17.5 1710917302925 12 18 0
sell 21050 18.5 1710917307780 12 18 -4.200000000000003
orderbuy 21050 21.5 1710917327868 12 18 0
buy 21050 21.5 1710917332824 12 18 0
ordersell 21050 22.5 1710917332824 12 18 0
cancelsell 21050 22.5 1710918093124 12 31 0
ordersell 21050 18.4 1710918093127 12 31 0
sell 21050 19.4 1710918098116 12 31 -6.300000000000004
orderbuy 21050 20.3 1710918423230 12 37 0
buy 21050 20.3 1710918428416 12 37 0
ordersell 21050 21.3 1710918428417 12 37 0
sell 21050 21.5 1710918693315 12 41 -5.100000000000005
orderbuy 20150 20.9 1710919728679 12 58 0
buy 20150 20.9 1710919733626 12 58 0
ordersell 20150 21.9 1710919733626 12 58 0
cancelsell 20150 21.9 1710920644102 13 14 0
ordersell 20150 14.4 1710920644104 13 14 0
sell 20150 15.4 1710920648963 13 14 -10.600000000000003
orderbuy 20200 20.25 1710920929067 13 18 0
buy 20200 20.25 1710920934052 13 18 0
ordersell 20200 21.25 1710920934053 13 18 0
cancelsell 20200 21.25 1710921209165 13 23 0
ordersell 20200 16.2 1710921209168 13 23 0
sell 20200 17.2 1710921214139 13 23 -13.650000000000002
orderbuy 20200 20.2 1710921759326 13 32 0
buy 20200 20.2 1710921764345 13 32 0
ordersell 20200 21.2 1710921764346 13 32 0
sell 20200 21.2 1710922149581 13 39 -12.650000000000002
orderbuy 20200 20 1710922440007 13 44 0
buy 20200 20 1710922444591 13 44 0
ordersell 20200 21 1710922444591 13 44 0
sell 20200 21.15 1710922829806 13 50 -11.500000000000007
orderbuy 21050 21.05 1710922944819 13 52 0
buy 21050 21.05 1710922949827 13 52 0
ordersell 21050 22.05 1710922949827 13 52 0
cancelsell 21050 22.05 1710923395041 13 59 0
ordersell 21050 17.2 1710923395043 13 59 0
sell 21050 18.2 1710923400018 14 0 -14.350000000000012
orderbuy 21000 20.2 1710924245279 14 14 0
buy 21000 20.2 1710924250269 14 14 0
ordersell 21000 21.2 1710924250270 14 14 0
sell 21000 21.6 1710924465340 14 17 -12.95000000000001
orderbuy 20150 20.5 1710924695463 14 21 0
buy 20150 20.5 1710924700435 14 21 0
ordersell 20150 21.5 1710924700435 14 21 0
sell 20150 24.3 1710924750509 14 22 -9.15000000000001
orderbuy 20100 20.05 1710924905715 14 25 0
buy 20100 20.05 1710924910519 14 25 0
ordersell 20100 21.05 1710924910520 14 25 0
sell 20100 21.15 1710925055569 14 27 -8.050000000000011
orderbuy 20100 21 1710925390726 14 33 0
buy 20100 21 1710925395692 14 33 0
ordersell 20100 22 1710925395692 14 33 0
cancelsell 20100 22 1710925945901 14 42 0
ordersell 20100 16.85 1710925945903 14 42 0
sell 20100 17.85 1710925950883 14 42 -11.20000000000001
orderbuy 21000 20.65 1710926155978 14 45 0
buy 21000 20.65 1710926160967 14 46 0
ordersell 21000 21.65 1710926160968 14 46 0
sell 21000 21.7 1710927046472 15 0 -10.15000000000001
