orderbuy 24300 25.2 1720583167811 9 16 0
buy 24300 21.2 1720583172735 9 16 0
ordersell 24300 22.2 1720583172735 9 16 0
cancelsell 24300 22.2 1720583282749 9 18 0
ordersell 24300 16.3 1720583282752 9 18 0
sell 24300 17.3 1720583287733 9 18 -3.8999999999999986
orderbuy 24250 20.7 1720583317851 9 18 0
buy 24250 20.7 1720583323146 9 18 0
ordersell 24250 21.7 1720583323147 9 18 0
cancelsell 24250 21.7 1720583522831 9 22 0
ordersell 24250 17.05 1720583522834 9 22 0
sell 24250 18.05 1720583527819 9 22 -6.549999999999997
orderbuy 22900 20.25 1720583553056 9 22 0
buy 22900 20.25 1720583557792 9 22 0
ordersell 22900 21.25 1720583557792 9 22 0
cancelsell 22900 21.25 1720583722460 9 25 0
ordersell 22900 17.1 1720583722460 9 25 0
sell 22900 18.1 1720583733054 9 25 -8.699999999999996
orderbuy 23050 20 1720585713556 9 58 0
buy 23050 20 1720585718636 9 58 0
ordersell 23050 21 1720585718636 9 58 0
sell 23050 21.1 1720586028761 10 3 -7.599999999999994
orderbuy 23000 21 1720586519043 10 11 0
buy 23000 21 1720586523924 10 12 0
ordersell 23000 22 1720586523925 10 12 0
sell 23000 22.3 1720587149163 10 22 -6.299999999999994
orderbuy 22950 21.2 1720587244318 10 24 0
buy 22950 21.2 1720587249480 10 24 0
ordersell 22950 22.2 1720587249480 10 24 0
sell 22950 22.2 1720587339249 10 25 -5.299999999999994
orderbuy 22900 20.15 1720587369186 10 26 0
buy 22900 20.15 1720587374240 10 26 0
ordersell 22900 21.15 1720587374241 10 26 0
cancelsell 22900 21.15 1720587469288 10 27 0
ordersell 22900 16.25 1720587469288 10 27 0
sell 22900 17.25 1720587474237 10 27 -8.199999999999992
orderbuy 24100 20.6 1720587749481 10 32 0
buy 24100 20.6 1720587754367 10 32 0
ordersell 24100 21.6 1720587754367 10 32 0
cancelsell 24100 21.6 1720588334717 10 42 0
ordersell 24100 17.45 1720588334718 10 42 0
sell 24100 18.4 1720588449642 10 44 -10.399999999999995
orderbuy 22900 20.25 1720588784885 10 49 0
buy 22900 20.25 1720588789722 10 49 0
ordersell 22900 21.25 1720588789723 10 49 0
sell 22900 22 1720589099787 10 54 -8.649999999999995
orderbuy 24100 20 1720589114830 10 55 0
buy 24100 20 1720589119835 10 55 0
ordersell 24100 21 1720589119836 10 55 0
sell 24100 22.15 1720592691282 11 54 -6.4999999999999964
orderbuy 23000 20.1 1720594211850 12 20 0
buy 23000 20.1 1720594216802 12 20 0
ordersell 23000 21.1 1720594216803 12 20 0
cancelsell 23000 21.1 1720596192542 12 53 0
ordersell 23000 16.5 1720596192545 12 53 0
sell 23000 17.5 1720596197575 12 53 -9.099999999999998
orderbuy 24100 20.1 1720597264751 13 11 0
buy 24100 20.1 1720597268121 13 11 0
ordersell 24100 21.1 1720597268122 13 11 0
cancelsell 24100 21.1 1720599608834 13 50 0
ordersell 24100 16.9 1720599608837 13 50 0
sell 24100 17.9 1720599613822 13 50 -11.3
orderbuy 23000 20.15 1720600394166 14 3 0
buy 23000 20.15 1720600399159 14 3 0
ordersell 23000 21.15 1720600399159 14 3 0
sell 23000 21.4 1720600489187 14 4 -10.05
orderbuy 24100 22.6 1720602620012 14 40 0
buy 24100 22.6 1720602625127 14 40 0
ordersell 24100 23.6 1720602625128 14 40 0
sell 24100 22.35 1720603920434 15 2 -31.400000000000006
