orderbuy 24050 21.95 1717991192122 9 16 0
buy 24050 21.95 1717991197181 9 16 0
ordersell 24050 22.95 1717991197181 9 16 0
sell 24050 25.05 1717991277170 9 17 3.1000000000000014
orderbuy 24100 20.9 1717991282153 9 18 0
buy 24100 20.9 1717991287155 9 18 0
ordersell 24100 21.9 1717991287156 9 18 0
cancelsell 24100 21.9 1717991332175 9 18 0
ordersell 24100 16.8 1717991332175 9 18 0
sell 24100 17.8 1717991337155 9 18 3.552713678800501e-15
orderbuy 24100 20.1 1717991422351 9 20 0
buy 24100 20.1 1717991427201 9 20 0
ordersell 24100 21.1 1717991427202 9 20 0
cancelsell 24100 21.1 1717991537200 9 22 0
ordersell 24100 16.8 1717991537201 9 22 0
sell 24100 17.8 1717991542176 9 22 -2.299999999999997
orderbuy 22550 20 1717992212339 9 33 0
buy 22550 20 1717992217330 9 33 0
ordersell 22550 21 1717992217331 9 33 0
sell 22550 21.3 1717992262380 9 34 -0.9999999999999964
orderbuy 24050 20.45 1717992317327 9 35 0
buy 24050 20.45 1717992322327 9 35 0
ordersell 24050 21.45 1717992322327 9 35 0
cancelsell 24050 21.45 1717992357345 9 35 0
ordersell 24050 17.35 1717992357346 9 35 0
sell 24050 18.35 1717992362326 9 36 -3.0999999999999943
orderbuy 24000 22.85 1717992472373 9 37 0
buy 24000 22.85 1717992477389 9 37 0
ordersell 24000 23.85 1717992477390 9 37 0
cancelsell 24000 23.85 1717992482373 9 38 0
ordersell 24000 18.8 1717992482374 9 38 0
sell 24000 19.8 1717992487373 9 38 -6.149999999999995
orderbuy 22400 20.7 1717992522422 9 38 0
buy 22400 20.7 1717992527386 9 38 0
ordersell 22400 21.7 1717992527386 9 38 0
cancelsell 22400 21.7 1717992697438 9 41 0
ordersell 22400 15.25 1717992697438 9 41 0
sell 22400 16.25 1717992702418 9 41 -10.599999999999994
orderbuy 24050 20.5 1717992767466 9 42 0
buy 24050 20.5 1717992772424 9 42 0
ordersell 24050 21.5 1717992772424 9 42 0
cancelsell 24050 21.5 1717992912482 9 45 0
ordersell 24050 17.4 1717992912482 9 45 0
sell 24050 18.4 1717992917461 9 45 -12.699999999999996
orderbuy 24050 20.2 1717992957460 9 45 0
buy 24050 20.2 1717992962460 9 46 0
ordersell 24050 21.2 1717992962460 9 46 0
cancelsell 24050 21.2 1717992967475 9 46 0
ordersell 24050 15.3 1717992967476 9 46 0
sell 24050 16.3 1717992972473 9 46 -16.59999999999999
orderbuy 24000 20.6 1717993047508 9 47 0
buy 24000 20.6 1717993052472 9 47 0
ordersell 24000 21.6 1717993052472 9 47 0
cancelsell 24000 21.6 1717993402599 9 53 0
ordersell 24000 17.2 1717993402600 9 53 0
sell 24000 18.2 1717993407548 9 53 -18.99999999999999
orderbuy 22400 20.1 1717993522595 9 55 0
buy 22400 20.1 1717993527559 9 55 0
ordersell 22400 21.1 1717993527559 9 55 0
cancelsell 22400 21.1 1717993547593 9 55 0
ordersell 22400 16.9 1717993547594 9 55 0
sell 22400 17.9 1717993552559 9 55 -21.199999999999996
orderbuy 22400 20.4 1717993962646 10 2 0
buy 22400 20.4 1717993967632 10 2 0
ordersell 22400 21.4 1717993967633 10 2 0
cancelsell 22400 21.4 1717994042651 10 4 0
ordersell 22400 17.2 1717994042651 10 4 0
sell 22400 18.2 1717994047639 10 4 -23.399999999999995
orderbuy 22450 20.4 1717994122651 10 5 0
buy 22450 19.85 1717994127649 10 5 0
ordersell 22450 20.85 1717994127649 10 5 0
cancelsell 22450 20.85 1717994322732 10 8 0
ordersell 22450 16.75 1717994322733 10 8 0
sell 22450 17.75 1717994327679 10 8 -25.5
orderbuy 24000 20.65 1717994522832 10 12 0
buy 24000 20.65 1717994527762 10 12 0
ordersell 24000 21.65 1717994527762 10 12 0
cancelsell 24000 21.65 1717994812824 10 16 0
ordersell 24000 17.45 1717994812825 10 16 0
sell 24000 18.45 1717994817820 10 16 -27.7
orderbuy 24000 20.95 1717995083060 10 21 0
buy 24000 20.95 1717995087874 10 21 0
ordersell 24000 21.95 1717995087874 10 21 0
cancelsell 24000 21.95 1717995808071 10 33 0
ordersell 24000 17.5 1717995808072 10 33 0
sell 24000 18.5 1717995813114 10 33 -30.15
orderbuy 24000 20.2 1717995883114 10 34 0
buy 24000 20.2 1717995888076 10 34 0
ordersell 24000 21.2 1717995888077 10 34 0
cancelsell 24000 21.2 1717996248264 10 40 0
ordersell 24000 16.4 1717996248265 10 40 0
sell 24000 17.4 1717996253242 10 40 -32.949999999999996
orderbuy 22550 20.2 1717996368261 10 42 0
buy 22550 20.2 1717996373294 10 42 0
ordersell 22550 21.2 1717996373294 10 42 0
sell 22550 22.55 1717996608498 10 46 -30.59999999999999
orderbuy 23950 20.85 1717996638348 10 47 0
buy 23950 20.85 1717996643318 10 47 0
ordersell 23950 21.85 1717996643318 10 47 0
sell 23950 22.25 1717996813402 10 50 -29.19999999999999
