orderbuy 23300 20.65 1719287308017 9 18 0
buy 23300 20.65 1719287312991 9 18 0
ordersell 23300 21.65 1719287312991 9 18 0
sell 23300 47.7 1719287348056 9 19 27.050000000000004
orderbuy 23400 21.4 1719287352965 9 19 0
buy 23400 21.4 1719287357988 9 19 0
ordersell 23400 22.4 1719287357988 9 19 0
cancelsell 23400 22.4 1719287363025 9 19 0
ordersell 23400 16.95 1719287363026 9 19 0
sell 23400 17.95 1719287368053 9 19 23.600000000000005
orderbuy 23400 21.95 1719287573155 9 22 0
buy 23400 21.95 1719287578067 9 22 0
ordersell 23400 22.95 1719287578068 9 22 0
cancelsell 23400 22.95 1719287718161 9 25 0
ordersell 23400 18.05 1719287718163 9 25 0
sell 23400 19.05 1719287723079 9 25 20.700000000000006
orderbuy 23350 21.85 1719289113395 9 48 0
buy 23350 21.85 1719289118578 9 48 0
ordersell 23350 22.85 1719289118578 9 48 0
sell 23350 24.85 1719289213638 9 50 23.700000000000006
orderbuy 23350 20.9 1719290688962 10 14 0
buy 23350 20.9 1719290693922 10 14 0
ordersell 23350 21.9 1719290693922 10 14 0
cancelsell 23350 21.9 1719290998936 10 19 0
ordersell 23350 16.15 1719290998938 10 19 0
sell 23350 17.15 1719291003945 10 20 19.950000000000006
orderbuy 23500 22.65 1719305597926 14 23 0
buy 23500 21.65 1719305602855 14 23 0
ordersell 23500 22.65 1719305602856 14 23 0
sell 23500 23.75 1719306413230 14 36 22.050000000000008
orderbuy 23500 20.6 1719306728402 14 42 0
buy 23500 20.6 1719306733438 14 42 0
ordersell 23500 21.6 1719306733438 14 42 0
cancelsell 23500 21.6 1719306923248 14 45 0
ordersell 23500 17.4 1719306923248 14 45 0
sell 23500 18.4 1719306928222 14 45 19.850000000000005
