orderbuy 51100 21.15 1720410337404 9 15 0
orderbuy 51000 22.2 1720410407401 9 16 0
orderbuy 53800 22.15 1720410487604 9 18 0
orderbuy 53900 20.45 1720410547261 9 19 0
orderbuy 53900 20.35 1720410572239 9 19 0
orderbuy 54000 21.5 1720410692361 9 21 0
orderbuy 54100 21.8 1720410827361 9 23 0
orderbuy 54200 21 1720410897796 9 24 0
orderbuy 54100 20.9 1720411172333 9 29 0
orderbuy 51200 20.1 1720411397467 9 33 0
orderbuy 54100 20.25 1720411517420 9 35 0
orderbuy 51300 20.35 1720411807726 9 40 0
orderbuy 51200 20.4 1720411947617 9 42 0
orderbuy 51100 20.1 1720412027587 9 43 0
orderbuy 53900 20.6 1720412092547 9 44 0
orderbuy 51100 20.65 1720412107551 9 45 0
orderbuy 53900 20.6 1720412122619 9 45 0
orderbuy 51100 20.65 1720412132613 9 45 0
orderbuy 51100 20.4 1720412582864 9 53 0
orderbuy 51100 20.4 1720412612691 9 53 0
orderbuy 51100 20.1 1720412652763 9 54 0
orderbuy 51100 20.5 1720412757853 9 55 0
orderbuy 51100 20.5 1720412817843 9 56 0
orderbuy 51100 20 1720412872727 9 57 0
orderbuy 51100 20.75 1720413112867 10 1 0
orderbuy 54100 21 1720413177822 10 2 0
orderbuy 51300 20.7 1720413322900 10 5 0
orderbuy 51300 20.7 1720413482857 10 8 0
orderbuy 51300 20.6 1720413507873 10 8 0
orderbuy 51300 20.2 1720414197995 10 19 0
orderbuy 54000 20.25 1720414508078 10 25 0
orderbuy 54100 20.85 1720414823079 10 30 0
orderbuy 51300 22.95 1720415148232 10 35 0
orderbuy 53900 22.3 1720415213295 10 36 0
orderbuy 51300 21 1720415228564 10 37 0
orderbuy 51300 20.2 1720415653427 10 44 0
orderbuy 53900 20.9 1720415668339 10 44 0
orderbuy 51300 20.2 1720415700513 10 45 0
orderbuy 53900 20.9 1720415708689 10 45 0
orderbuy 51300 20.25 1720415888367 10 48 0
orderbuy 53900 20.15 1720415903354 10 48 0
orderbuy 51300 20.45 1720416113474 10 51 0
orderbuy 51200 20.4 1720416498650 10 58 0
orderbuy 51200 20.4 1720416513493 10 58 0
orderbuy 51300 23.45 1720416773543 11 2 0
orderbuy 51200 20.6 1720417208683 11 10 0
orderbuy 51200 20.4 1720417631866 11 17 0
orderbuy 51200 21.55 1720419062255 11 41 0
orderbuy 51100 20.4 1720419142376 11 42 0
orderbuy 53800 21.05 1720419182126 11 43 0
orderbuy 51100 21.45 1720419212462 11 43 0
orderbuy 51200 20.55 1720420097429 11 58 0
orderbuy 51200 20.5 1720420152290 11 59 0
orderbuy 51100 20.45 1720420952465 12 12 0
orderbuy 51000 21.9 1720421177613 12 16 0
orderbuy 51000 20.2 1720421362740 12 19 0
orderbuy 53800 20.45 1720422413187 12 36 0
orderbuy 51100 20.1 1720422633221 12 40 0
orderbuy 51100 21 1720422793268 12 43 0
orderbuy 53800 20.5 1720422928270 12 45 0
orderbuy 51100 20.05 1720423008317 12 46 0
orderbuy 51100 20.4 1720423208892 12 50 0
orderbuy 51200 20.35 1720423938508 13 2 0
orderbuy 53800 20.35 1720424328559 13 8 0
orderbuy 51200 20.25 1720424598633 13 13 0
orderbuy 53800 20.1 1720424663655 13 14 0
orderbuy 51200 20 1720425038848 13 20 0
orderbuy 51200 20.1 1720425133688 13 22 0
orderbuy 53800 20 1720425253971 13 24 0
orderbuy 53800 20.35 1720425378983 13 26 0
orderbuy 51200 20.85 1720425443828 13 27 0
orderbuy 51200 20.25 1720426212019 13 40 0
orderbuy 51200 20.05 1720426712056 13 48 0
orderbuy 53800 21 1720427127204 13 55 0
orderbuy 51300 20.55 1720427142161 13 55 0
orderbuy 51300 20.6 1720427262135 13 57 0
orderbuy 53800 20 1720427332219 13 58 0
orderbuy 53800 20.45 1720427507208 14 1 0
orderbuy 53800 21.3 1720427617236 14 3 0
orderbuy 53800 21.3 1720427642330 14 4 0
orderbuy 51300 20.55 1720427742287 14 5 0
orderbuy 51300 20.55 1720427772249 14 6 0
orderbuy 53800 21.45 1720427827598 14 7 0
orderbuy 51300 20.7 1720428122286 14 12 0
orderbuy 53800 20.2 1720428427386 14 17 0
orderbuy 51300 20 1720428802435 14 23 0
orderbuy 51300 20 1720428837455 14 23 0
orderbuy 53800 20.25 1720429082557 14 28 0
orderbuy 53800 20.3 1720429232506 14 30 0
orderbuy 53800 20.3 1720429272533 14 31 0
orderbuy 51300 21.85 1720430132709 14 45 0
orderbuy 51300 20.45 1720431037883 15 0 0
orderbuy 53800 20.15 1720431118123 15 1 0
