orderbuy 51500 23.95 1720583454125 9 20 0
orderbuy 51600 20.55 1720584064636 9 31 0
orderbuy 52900 21.35 1720584070984 9 31 0
orderbuy 52900 21.35 1720584075736 9 31 0
orderbuy 52900 21.35 1720584079576 9 31 0
orderbuy 52900 21.35 1720584086797 9 31 0
orderbuy 52900 20.7 1720584089767 9 31 0
orderbuy 52900 20.7 1720584095459 9 31 0
orderbuy 52900 20.7 1720584100187 9 31 0
orderbuy 52900 21.35 1720584105429 9 31 0
orderbuy 52900 21.35 1720584110153 9 31 0
orderbuy 52900 21.35 1720584114700 9 31 0
orderbuy 52900 21.35 1720584120041 9 32 0
orderbuy 52900 21.35 1720584124943 9 32 0
orderbuy 52800 23.95 1720585586134 9 56 0
orderbuy 52800 21.35 1720585721121 9 58 0
orderbuy 52800 21.35 1720585724984 9 58 0
orderbuy 52800 21.35 1720585729962 9 58 0
orderbuy 52800 21.35 1720585735072 9 58 0
orderbuy 52800 21.35 1720585740158 9 59 0
orderbuy 52800 21.35 1720585745061 9 59 0
orderbuy 52800 21.35 1720585749965 9 59 0
orderbuy 52800 21.35 1720585755697 9 59 0
orderbuy 52800 21.35 1720585759961 9 59 0
orderbuy 52800 21.35 1720585765015 9 59 0
orderbuy 52800 21.35 1720585769976 9 59 0
orderbuy 52800 21.35 1720585775132 9 59 0
orderbuy 52800 21.35 1720585779986 9 59 0
orderbuy 52800 21.35 1720585785125 9 59 0
orderbuy 52800 20.95 1720585805109 10 0 0
orderbuy 52800 20.95 1720585810769 10 0 0
orderbuy 52800 20.95 1720585815086 10 0 0
orderbuy 52800 20.95 1720585819939 10 0 0
orderbuy 52800 20.95 1720585825248 10 0 0
orderbuy 51800 23.4 1720587110460 10 21 0
orderbuy 51700 24.65 1720588265985 10 41 0
orderbuy 52400 20.45 1720591321967 11 32 0
