orderbuy 10925 21.7 1715312899342 9 18 0
buy 10925 21.7 1715312904283 9 18 0
ordersell 10925 22.7 1715312904284 9 18 0
cancelsell 10925 22.7 1715313014546 9 20 0
ordersell 10925 17.95 1715313014546 9 20 0
sell 10925 18.95 1715313019323 9 20 -2.75
orderbuy 10600 20.3 1715313034320 9 20 0
buy 10600 20.3 1715313039365 9 20 0
ordersell 10600 21.3 1715313039366 9 20 0
cancelsell 10600 21.3 1715313049349 9 20 0
ordersell 10600 16.75 1715313049349 9 20 0
sell 10600 17.75 1715313054345 9 20 -5.300000000000001
orderbuy 10575 23.15 1715313109366 9 21 0
buy 10575 23.15 1715313114447 9 21 0
ordersell 10575 24.15 1715313114448 9 21 0
cancelsell 10575 24.15 1715313274407 9 24 0
ordersell 10575 16.75 1715313274408 9 24 0
sell 10575 17.75 1715313279426 9 24 -10.7
orderbuy 10925 21.75 1715313364435 9 26 0
buy 10925 21.75 1715313369508 9 26 0
ordersell 10925 22.75 1715313369508 9 26 0
cancelsell 10925 22.75 1715313404450 9 26 0
ordersell 10925 18.4 1715313404450 9 26 0
sell 10925 19.4 1715313409427 9 26 -13.050000000000004
orderbuy 10925 20.1 1715313474487 9 27 0
buy 10925 20.1 1715313479431 9 27 0
ordersell 10925 21.1 1715313479431 9 27 0
