orderbuy 51100 22.45 1714708011477 9 16 0
orderbuy 51200 20.1 1714708081453 9 18 0
orderbuy 51200 20.25 1714708181491 9 19 0
orderbuy 47700 20.05 1714708221525 9 20 0
orderbuy 51200 20.35 1714708371533 9 22 0
orderbuy 47700 20.3 1714708996699 9 33 0
orderbuy 51200 20.35 1714709236808 9 37 0
orderbuy 51200 20.15 1714709742000 9 45 0
orderbuy 47600 21.65 1714710001979 9 50 0
orderbuy 47500 20.3 1714711012250 10 6 0
orderbuy 47400 20.2 1714711402370 10 13 0
orderbuy 47400 20.55 1714711447458 10 14 0
orderbuy 47400 20 1714711842584 10 20 0
orderbuy 47400 20 1714711852589 10 20 0
orderbuy 47400 20 1714711862560 10 21 0
orderbuy 47200 21.55 1714713415413 10 46 0
orderbuy 51000 20.2 1714713740513 10 52 0
orderbuy 51000 20.2 1714713780539 10 53 0
orderbuy 51000 20.7 1714713835513 10 53 0
orderbuy 47100 20.25 1714715325106 11 18 0
orderbuy 46800 23.25 1714716390039 11 36 0
orderbuy 46700 22.1 1714716469978 11 37 0
orderbuy 46900 20.2 1714719580483 12 29 0
orderbuy 47000 22.8 1714720170289 12 39 0
orderbuy 51000 20.35 1714720275186 12 41 0
orderbuy 51000 20.35 1714720315185 12 41 0
orderbuy 47300 21 1714720670275 12 47 0
orderbuy 47100 22.3 1714720910403 12 51 0
orderbuy 47000 22.5 1714720935307 12 52 0
orderbuy 47000 22.5 1714720960390 12 52 0
orderbuy 46900 22 1714721045377 12 54 0
orderbuy 46800 21.25 1714721100343 12 55 0
orderbuy 46800 21.25 1714721130451 12 55 0
orderbuy 50800 20 1714721140364 12 55 0
orderbuy 46800 20.25 1714721210411 12 56 0
orderbuy 50800 20 1714721240396 12 57 0
orderbuy 46800 20.25 1714721250369 12 57 0
orderbuy 50800 20 1714721430404 13 0 0
orderbuy 50800 20.55 1714721595459 13 3 0
orderbuy 50800 20.4 1714721755577 13 5 0
orderbuy 46800 20.5 1714721770493 13 6 0
orderbuy 50800 20.4 1714721785482 13 6 0
orderbuy 46800 20.3 1714721810491 13 6 0
orderbuy 46800 20.05 1714722395635 13 16 0
orderbuy 46800 20.05 1714722435656 13 17 0
orderbuy 47000 20.2 1714723120836 13 28 0
orderbuy 47000 20.2 1714723125884 13 28 0
orderbuy 47000 20.2 1714723130850 13 28 0
orderbuy 47000 20.2 1714723135852 13 28 0
orderbuy 47000 20.2 1714723140844 13 29 0
orderbuy 47000 20.2 1714723145884 13 29 0
orderbuy 47000 20.2 1714723150899 13 29 0
orderbuy 47000 20.2 1714723155861 13 29 0
orderbuy 47000 20.2 1714723160854 13 29 0
orderbuy 47000 20.2 1714723165871 13 29 0
orderbuy 47000 20.2 1714723170858 13 29 0
orderbuy 47000 20.2 1714723175854 13 29 0
orderbuy 47000 20.2 1714723180884 13 29 0
orderbuy 47100 20.7 1714723295887 13 31 0
orderbuy 47000 21.3 1714723420941 13 33 0
orderbuy 46900 20.05 1714723580994 13 36 0
orderbuy 46800 20.2 1714723711010 13 38 0
orderbuy 46900 20.75 1714724586243 13 53 0
orderbuy 50800 20.05 1714724791286 13 56 0
orderbuy 47000 20.75 1714724836248 13 57 0
orderbuy 46900 20.2 1714724996316 13 59 0
orderbuy 46900 20.1 1714725116369 14 1 0
orderbuy 47000 20.1 1714725621671 14 10 0
orderbuy 47100 21 1714726241676 14 20 0
orderbuy 47000 21.45 1714726301658 14 21 0
orderbuy 50700 20.35 1714726896792 14 31 0
orderbuy 47100 20.55 1714726971836 14 32 0
orderbuy 50700 20.1 1714727016912 14 33 0
orderbuy 50700 20.1 1714727101848 14 35 0
orderbuy 50700 20.05 1714727276893 14 37 0
orderbuy 47100 20.4 1714727526965 14 42 0
orderbuy 47100 20.4 1714727556986 14 42 0
orderbuy 47100 20.6 1714727987268 14 49 0
orderbuy 47100 20.1 1714728207192 14 53 0
orderbuy 50600 20.2 1714728307156 14 55 0
orderbuy 50600 20.2 1714728392176 14 56 0
orderbuy 47200 20.65 1714728537210 14 58 0
orderbuy 50700 20 1714728647250 15 0 0
orderbuy 47300 20.1 1714728657231 15 0 0
