orderbuy 55200 21.8 1719546372924 9 16 0
orderbuy 50400 20.6 1719546458500 9 17 0
orderbuy 50400 21 1719546583326 9 19 0
orderbuy 50400 20.2 1719546613027 9 20 0
orderbuy 55200 20.95 1719546822961 9 23 0
orderbuy 50500 21.2 1719546838061 9 23 0
orderbuy 55200 20.95 1719546862931 9 24 0
orderbuy 50500 20.2 1719546882918 9 24 0
orderbuy 55200 20.2 1719547128273 9 28 0
orderbuy 50500 20.35 1719547133188 9 28 0
orderbuy 55200 20.2 1719547154092 9 29 0
orderbuy 50500 20.35 1719547158024 9 29 0
orderbuy 50500 20 1719547283150 9 31 0
orderbuy 50500 20 1719547333117 9 32 0
orderbuy 55200 20.95 1719547733107 9 38 0
orderbuy 55200 20.95 1719547758184 9 39 0
orderbuy 55200 20.95 1719547788248 9 39 0
orderbuy 55200 20.9 1719547828151 9 40 0
orderbuy 55200 20.9 1719547838202 9 40 0
orderbuy 55300 20.05 1719547898757 9 41 0
orderbuy 55300 20.05 1719548018155 9 43 0
orderbuy 55300 20.3 1719548343425 9 49 0
orderbuy 50600 20.05 1719548473540 9 51 0
orderbuy 55300 20.15 1719548713704 9 55 0
orderbuy 55300 20.45 1719548728486 9 55 0
orderbuy 55200 20 1719548973673 9 59 0
orderbuy 50600 20.8 1719548978733 9 59 0
orderbuy 55200 20.1 1719549013723 10 0 0
orderbuy 50600 20.1 1719549018634 10 0 0
orderbuy 55200 20.5 1719549429749 10 7 0
orderbuy 50600 20.2 1719549458748 10 7 0
orderbuy 55200 20.6 1719549468847 10 7 0
orderbuy 55200 20.45 1719549988831 10 16 0
orderbuy 50600 20.45 1719550124355 10 18 0
orderbuy 50600 20 1719550704265 10 28 0
orderbuy 50700 20.7 1719551074317 10 34 0
orderbuy 50700 20.05 1719551814677 10 46 0
orderbuy 55100 20.35 1719553135248 11 8 0
orderbuy 50700 20.05 1719553150288 11 9 0
orderbuy 55000 21.75 1719553190203 11 9 0
orderbuy 55000 21.75 1719553215249 11 10 0
orderbuy 50400 23.1 1719553660911 11 17 0
orderbuy 55000 20.35 1719553745935 11 19 0
orderbuy 50400 20.95 1719553785596 11 19 0
orderbuy 50500 20.55 1719554291171 11 28 0
orderbuy 50400 20.95 1719554461589 11 31 0
orderbuy 55000 20.5 1719554821134 11 37 0
orderbuy 50500 20.2 1719555872780 11 54 0
orderbuy 50500 20.1 1719555981706 11 56 0
orderbuy 50500 20.3 1719556536795 12 5 0
orderbuy 50500 20 1719556726722 12 8 0
orderbuy 50400 20.4 1719557557111 12 22 0
orderbuy 54800 20.1 1719557626946 12 23 0
orderbuy 54800 20.1 1719557681978 12 24 0
orderbuy 54800 20.25 1719557761873 12 26 0
orderbuy 50400 21.7 1719557792019 12 26 0
orderbuy 54800 20.25 1719557802275 12 26 0
orderbuy 50400 21.45 1719557817038 12 26 0
orderbuy 54800 20.1 1719557882033 12 28 0
orderbuy 50400 20.05 1719558036918 12 30 0
orderbuy 54800 20.4 1719558067033 12 31 0
orderbuy 54800 20.15 1719558102068 12 31 0
orderbuy 50300 20.15 1719558106996 12 31 0
orderbuy 54800 20.2 1719558167018 12 32 0
orderbuy 50300 20.05 1719558637418 12 40 0
orderbuy 54800 20.15 1719558827365 12 43 0
orderbuy 54800 20.15 1719558852432 12 44 0
orderbuy 50400 20.4 1719559062791 12 47 0
orderbuy 50300 20 1719559438038 12 53 0
orderbuy 50300 20.1 1719559622886 12 57 0
orderbuy 50300 20.05 1719559818124 13 0 0
orderbuy 50300 20.1 1719559968783 13 2 0
orderbuy 50300 20.15 1719560322861 13 8 0
orderbuy 54700 20.2 1719560593253 13 13 0
orderbuy 54800 20.05 1719560903492 13 18 0
orderbuy 54800 20.5 1719561773470 13 32 0
orderbuy 50400 20.1 1719561934027 13 35 0
orderbuy 54800 20.25 1719562273889 13 41 0
orderbuy 54800 20.25 1719562328816 13 42 0
orderbuy 50500 20.35 1719562444294 13 44 0
orderbuy 50500 20.35 1719562943747 13 52 0
orderbuy 54800 20.4 1719562958735 13 52 0
orderbuy 50500 20.35 1719563003704 13 53 0
orderbuy 54800 20.3 1719563019113 13 53 0
orderbuy 50500 20.15 1719563094020 13 54 0
orderbuy 54800 20.1 1719563374109 13 59 0
orderbuy 54800 20.25 1719563629067 14 3 0
orderbuy 50600 20 1719563774332 14 6 0
orderbuy 54900 20.4 1719564084267 14 11 0
orderbuy 50700 20.35 1719564164440 14 12 0
orderbuy 54800 20.5 1719564614676 14 20 0
orderbuy 54800 20 1719564899552 14 24 0
orderbuy 50600 20 1719564979684 14 26 0
orderbuy 50600 20 1719565004602 14 26 0
orderbuy 50500 20.35 1719565505147 14 35 0
orderbuy 50500 20.5 1719565975196 14 42 0
orderbuy 54700 20.1 1719566150069 14 45 0
orderbuy 50500 20 1719566179988 14 46 0
orderbuy 54800 20 1719566285016 14 48 0
orderbuy 54800 20 1719566360156 14 49 0
orderbuy 50600 20.35 1719566370215 14 49 0
orderbuy 50600 21.5 1719567060395 15 1 0
orderbuy 54700 20.15 1719567075386 15 1 0
orderbuy 50600 21.5 1719567090295 15 1 0
orderbuy 50500 20.1 1719567105317 15 1 0
