orderbuy 49200 21.3 1718682569509 9 19 0
orderbuy 49100 20.3 1718682804988 9 23 0
orderbuy 49000 24.15 1718682829749 9 23 0
orderbuy 48900 24.5 1718682914618 9 25 0
orderbuy 48900 20.6 1718683019642 9 26 0
orderbuy 50900 21.45 1718683384749 9 33 0
orderbuy 51000 20.45 1718684369915 9 49 0
orderbuy 51100 20.55 1718684555056 9 52 0
orderbuy 51100 20.55 1718684585049 9 53 0
orderbuy 49300 20.1 1718684850070 9 57 0
orderbuy 49300 20.1 1718685990445 10 16 0
orderbuy 49200 20.2 1718686240420 10 20 0
orderbuy 49200 21.8 1718686545530 10 25 0
orderbuy 50900 21.05 1718686955657 10 32 0
orderbuy 51000 20.65 1718687385738 10 39 0
orderbuy 49400 20.85 1718688946214 11 5 0
orderbuy 50900 20.5 1718689166227 11 9 0
orderbuy 51000 24.65 1718689931429 11 22 0
orderbuy 51000 20.3 1718689956468 11 22 0
orderbuy 51000 20.3 1718689961430 11 22 0
orderbuy 51000 20.3 1718689966462 11 22 0
orderbuy 51000 20.3 1718690077201 11 24 0
orderbuy 51000 20.3 1718690081478 11 24 0
orderbuy 51000 20.3 1718690086469 11 24 0
orderbuy 51000 20.3 1718690091549 11 24 0
orderbuy 51000 20.3 1718690096517 11 24 0
orderbuy 51000 20.3 1718690101473 11 25 0
orderbuy 51000 20.3 1718690106492 11 25 0
orderbuy 51000 20.3 1718690111479 11 25 0
orderbuy 51000 20.3 1718690116528 11 25 0
orderbuy 51000 20.3 1718690136492 11 25 0
orderbuy 51000 20.3 1718690141625 11 25 0
orderbuy 51000 20.45 1718690906650 11 38 0
orderbuy 51000 20 1718691911856 11 55 0
orderbuy 51000 20.05 1718698482956 13 44 0
orderbuy 49600 20 1718700543737 14 19 0
