orderbuy 53700 20.05 1720497336939 9 25 0
orderbuy 51500 20.15 1720497386967 9 26 0
orderbuy 51500 20.15 1720497432001 9 27 0
orderbuy 53700 20.15 1720497457027 9 27 0
orderbuy 51500 20.45 1720497637105 9 30 0
orderbuy 51500 22.35 1720498767559 9 49 0
orderbuy 51500 21.25 1720498902581 9 51 0
orderbuy 51500 21.25 1720498907652 9 51 0
orderbuy 51500 21.25 1720498912603 9 51 0
orderbuy 51500 21.15 1720498917567 9 51 0
orderbuy 51500 21.15 1720498922584 9 52 0
orderbuy 51500 21.15 1720498927546 9 52 0
orderbuy 51500 21.15 1720498932688 9 52 0
orderbuy 51500 21.15 1720498937593 9 52 0
orderbuy 51500 21.65 1720499857862 10 7 0
orderbuy 53500 20.05 1720501178318 10 29 0
orderbuy 53500 20.15 1720502883913 10 58 0
orderbuy 51600 20.3 1720502963926 10 59 0
orderbuy 51600 20.35 1720503179043 11 2 0
