sell 21400 133.1 1715140283071 9 21 130.6
orderbuy 20750 24.85 1715140287978 9 21 0
buy 20750 21.85 1715140293030 9 21 0
ordersell 20750 22.85 1715140293030 9 21 0
sell 20750 23.4 1715140808105 9 30 132.15
orderbuy 20700 20.7 1715140813076 9 30 0
buy 20700 20.7 1715140818180 9 30 0
ordersell 20700 21.7 1715140818181 9 30 0
cancelsell 20700 21.7 1715141473214 9 41 0
ordersell 20700 17.05 1715141473216 9 41 0
sell 20700 18.05 1715141478197 9 41 129.5
orderbuy 22100 20.2 1715141763257 9 46 0
buy 22100 20.2 1715141768274 9 46 0
ordersell 22100 21.2 1715141768274 9 46 0
cancelsell 22100 21.2 1715142128332 9 52 0
ordersell 22100 16.9 1715142128332 9 52 0
sell 22100 17.9 1715142133328 9 52 127.19999999999999
orderbuy 22050 20.1 1715142438384 9 57 0
buy 22050 20.1 1715142443373 9 57 0
ordersell 22050 21.1 1715142443373 9 57 0
cancelsell 22050 21.1 1715143949787 10 22 0
ordersell 22050 15.600000000000001 1715143949790 10 22 0
sell 22050 16.6 1715143954854 10 22 123.69999999999999
orderbuy 20700 22 1715144025232 10 23 0
buy 20700 22 1715144030286 10 23 0
ordersell 20700 23 1715144030287 10 23 0
cancelsell 20700 23 1715144045380 10 24 0
ordersell 20700 17.3 1715144045380 10 24 0
sell 20700 22 1715144050367 10 24 123.69999999999999
orderbuy 20650 20.75 1715144405122 10 30 0
buy 20650 20.75 1715144410296 10 30 0
ordersell 20650 21.75 1715144410296 10 30 0
cancelsell 20650 21.75 1715145111051 10 41 0
ordersell 20650 17 1715145111054 10 41 0
sell 20650 18 1715145115643 10 41 120.94999999999999
