orderbuy 21850 20.7 1713239354454 9 19 0
buy 21850 20.7 1713239359423 9 19 0
ordersell 21850 21.7 1713239359424 9 19 0
cancelsell 21850 21.7 1713239434466 9 20 0
ordersell 21850 16.75 1713239434469 9 20 0
sell 21850 17.75 1713239439662 9 20 -2.9499999999999993
orderbuy 21850 20.1 1713239459915 9 20 0
buy 21850 20.1 1713239464475 9 21 0
ordersell 21850 21.1 1713239464475 9 21 0
cancelsell 21850 21.1 1713239654531 9 24 0
ordersell 21850 16.2 1713239654534 9 24 0
sell 21850 17.2 1713239659570 9 24 -5.850000000000001
orderbuy 22400 21 1713240164768 9 32 0
buy 22400 21 1713240169662 9 32 0
ordersell 22400 22 1713240169662 9 32 0
sell 22400 23.25 1713240229754 9 33 -3.6000000000000014
orderbuy 21950 22.1 1713249187165 12 3 0
buy 21950 22.1 1713249192136 12 3 0
ordersell 21950 23.1 1713249192136 12 3 0
sell 21950 23.4 1713249412236 12 6 -2.3000000000000043
orderbuy 21900 20.2 1713251503046 12 41 0
buy 21900 20.2 1713251507856 12 41 0
ordersell 21900 21.2 1713251507857 12 41 0
sell 21900 21.2 1713251732825 12 45 -1.3000000000000043
orderbuy 21850 22.9 1713253673332 13 17 0
buy 21850 22.9 1713253678292 13 17 0
ordersell 21850 23.9 1713253678292 13 17 0
cancelsell 21850 23.9 1713253833334 13 20 0
ordersell 21850 19.5 1713253833337 13 20 0
sell 21850 20.5 1713253838320 13 20 -3.700000000000003
orderbuy 22300 21.15 1713255093728 13 41 0
buy 22300 21.15 1713255098671 13 41 0
ordersell 22300 22.15 1713255098672 13 41 0
cancelsell 22300 22.15 1713255423755 13 47 0
ordersell 22300 17.85 1713255423756 13 47 0
sell 22300 18.85 1713255428756 13 47 -6
