orderbuy 54500 48.6 1717645599275 9 16 0
orderbuy 43500 35.05 1717645604232 9 16 0
orderbuy 44200 21.15 1717645874287 9 21 0
orderbuy 44100 20.5 1717645959287 9 22 0
orderbuy 54000 27.05 1717646814494 9 36 0
orderbuy 54000 27.7 1717646854442 9 37 0
orderbuy 44800 20.15 1717647429534 9 47 0
orderbuy 44800 21.15 1717647459531 9 47 0
orderbuy 44900 20.25 1717647524532 9 48 0
orderbuy 44700 22.35 1717647604583 9 50 0
orderbuy 54000 20.7 1717647609576 9 50 0
orderbuy 54000 20.7 1717647614626 9 50 0
orderbuy 54000 20.7 1717647619544 9 50 0
orderbuy 54000 20.7 1717647624578 9 50 0
orderbuy 54000 20.7 1717647629555 9 50 0
orderbuy 44600 20.85 1717647659550 9 50 0
orderbuy 44600 21.45 1717647754852 9 52 0
orderbuy 44800 20.05 1717647874622 9 54 0
orderbuy 44800 20.05 1717647950081 9 55 0
orderbuy 44900 21.05 1717648174677 9 59 0
orderbuy 45000 20.05 1717648464716 10 4 0
orderbuy 45100 20.5 1717648659764 10 7 0
orderbuy 45100 20.15 1717648767579 10 9 0
orderbuy 45200 20 1717649194896 10 16 0
orderbuy 45300 20.4 1717649219899 10 16 0
orderbuy 45400 20 1717649410100 10 20 0
orderbuy 45500 20 1717649685205 10 24 0
orderbuy 45500 20 1717649895232 10 28 0
orderbuy 54000 22.8 1717650110269 10 31 0
orderbuy 45500 21.2 1717653966158 11 36 0
orderbuy 45200 22.1 1717655014185 11 53 0
orderbuy 53300 20.05 1717655026516 11 53 0
orderbuy 45200 20.5 1717658491146 12 51 0
orderbuy 45200 20.5 1717658512381 12 51 0
orderbuy 44900 22 1717659484232 13 8 0
orderbuy 53200 21 1717665819233 14 53 0
