orderbuy 54100 20.65 1720669611067 9 16 0
orderbuy 50500 21.65 1720669626032 9 17 0
orderbuy 54100 20.65 1720669641081 9 17 0
orderbuy 50600 20.6 1720669751085 9 19 0
orderbuy 50600 23.75 1720669846184 9 20 0
orderbuy 50500 21.2 1720669886190 9 21 0
orderbuy 54000 20.85 1720669956178 9 22 0
orderbuy 50500 20.75 1720670036210 9 23 0
orderbuy 50500 23.2 1720670066216 9 24 0
orderbuy 50500 23.2 1720670081426 9 24 0
orderbuy 50400 20.75 1720670101261 9 25 0
orderbuy 53900 20.1 1720670186271 9 26 0
orderbuy 53900 20.25 1720670361380 9 29 0
orderbuy 53900 20.15 1720670516435 9 31 0
orderbuy 50500 22.9 1720670661458 9 34 0
orderbuy 50500 22.5 1720670696481 9 34 0
orderbuy 50500 20.9 1720671241651 9 44 0
orderbuy 53800 20.15 1720671581752 9 49 0
orderbuy 53800 20.15 1720671606810 9 50 0
orderbuy 50700 20.7 1720672437120 10 3 0
orderbuy 50800 20.1 1720672682228 10 8 0
orderbuy 50700 22.75 1720673047349 10 14 0
orderbuy 50500 21.45 1720673207424 10 16 0
orderbuy 50400 21.95 1720673327482 10 18 0
orderbuy 50300 20.9 1720673412497 10 20 0
orderbuy 50200 22.65 1720673427467 10 20 0
orderbuy 50200 22.65 1720673462519 10 21 0
orderbuy 50200 20.3 1720673682639 10 24 0
orderbuy 50100 23.9 1720673757680 10 25 0
orderbuy 53600 20.3 1720673837716 10 27 0
orderbuy 53600 20.45 1720674102805 10 31 0
orderbuy 50100 20.85 1720674107708 10 31 0
orderbuy 53600 20.2 1720674527904 10 38 0
orderbuy 50200 20.7 1720674602896 10 40 0
orderbuy 50200 20.4 1720674722939 10 42 0
orderbuy 50200 21.5 1720674828001 10 43 0
orderbuy 50200 20.6 1720674858294 10 44 0
orderbuy 53600 20.1 1720674963052 10 46 0
orderbuy 50100 21.2 1720675018081 10 46 0
orderbuy 50100 21.85 1720675138136 10 48 0
orderbuy 50100 20.95 1720675503273 10 55 0
orderbuy 50100 21.15 1720675628358 10 57 0
orderbuy 50100 21.35 1720675688337 10 58 0
orderbuy 53600 20 1720675798365 10 59 0
orderbuy 53600 20 1720675853405 11 0 0
orderbuy 53600 20.05 1720675923444 11 2 0
orderbuy 50100 20.7 1720676008457 11 3 0
orderbuy 50100 21.15 1720676223630 11 7 0
orderbuy 50100 21.15 1720676243549 11 7 0
orderbuy 53600 20 1720676953892 11 19 0
orderbuy 53600 20 1720677244027 11 24 0
orderbuy 53600 20 1720677449308 11 27 0
orderbuy 53600 20 1720677674109 11 31 0
orderbuy 50200 20.05 1720677759844 11 32 0
orderbuy 53600 20 1720677949221 11 35 0
orderbuy 53600 20.15 1720678549446 11 45 0
orderbuy 50300 20.05 1720678839776 11 50 0
orderbuy 53600 20.15 1720679344707 11 59 0
orderbuy 53600 20.15 1720679399723 11 59 0
orderbuy 53600 20 1720679539857 12 2 0
orderbuy 50300 22.75 1720679699964 12 4 0
orderbuy 50300 20 1720680210350 12 13 0
orderbuy 53600 21 1720680805632 12 23 0
orderbuy 53600 20.1 1720681005338 12 26 0
orderbuy 53600 20.05 1720681110859 12 28 0
orderbuy 53600 20.3 1720681310488 12 31 0
orderbuy 53600 20.3 1720681340451 12 32 0
orderbuy 53600 20.25 1720681440498 12 34 0
orderbuy 53600 20.6 1720681575536 12 36 0
orderbuy 50400 20.1 1720681730611 12 38 0
orderbuy 50400 20 1720681915659 12 41 0
orderbuy 50400 20.3 1720681940686 12 42 0
orderbuy 53600 20.05 1720682380845 12 49 0
orderbuy 53600 20.15 1720682510883 12 51 0
orderbuy 53600 20.1 1720682540966 12 52 0
orderbuy 50400 20.3 1720682771017 12 56 0
orderbuy 53600 20 1720683816422 13 13 0
orderbuy 53600 20.3 1720686017202 13 50 0
orderbuy 53700 21.3 1720686217308 13 53 0
orderbuy 53700 20.2 1720686442361 13 57 0
