orderbuy 24500 25.95 1720064703902 9 15 0
buy 24500 20.95 1720064708418 9 15 0
ordersell 24500 21.95 1720064708419 9 15 0
cancelsell 24500 21.95 1720065863853 9 34 0
ordersell 24500 14.45 1720065863854 9 34 0
sell 24500 15.45 1720065868791 9 34 -5.5
orderbuy 23350 21.1 1720066278947 9 41 0
buy 23350 21.1 1720066284055 9 41 0
ordersell 23350 22.1 1720066284056 9 41 0
cancelsell 23350 22.1 1720066499065 9 44 0
ordersell 23350 17.3 1720066499065 9 44 0
sell 23350 18.3 1720066504034 9 45 -8.3
orderbuy 24450 20.9 1720066584135 9 46 0
buy 24450 20.9 1720066589064 9 46 0
ordersell 24450 21.9 1720066589065 9 46 0
sell 24450 22.2 1720066939445 9 52 -7
orderbuy 24500 20.1 1720066999237 9 53 0
buy 24500 20.1 1720067004245 9 53 0
ordersell 24500 21.1 1720067004248 9 53 0
cancelsell 24500 21.1 1720067719528 10 5 0
ordersell 24500 16.1 1720067719529 10 5 0
sell 24500 17.1 1720067724589 10 5 -10
orderbuy 24450 20.35 1720068514826 10 18 0
buy 24450 20.35 1720068519791 10 18 0
ordersell 24450 21.35 1720068519791 10 18 0
cancelsell 24450 21.35 1720068589896 10 19 0
ordersell 24450 15.399999999999999 1720068589896 10 19 0
sell 24450 16.4 1720068594848 10 19 -13.950000000000003
orderbuy 23400 20.7 1720068740074 10 22 0
buy 23400 20.7 1720068744917 10 22 0
ordersell 23400 21.7 1720068744918 10 22 0
sell 23400 23.15 1720068899982 10 24 -11.500000000000007
orderbuy 23350 21.55 1720068954992 10 25 0
buy 23350 21.55 1720068959962 10 25 0
ordersell 23350 22.55 1720068959962 10 25 0
sell 23350 23.6 1720069125298 10 28 -9.45000000000001
orderbuy 23300 21.75 1720069180338 10 29 0
buy 23300 21.75 1720069185378 10 29 0
ordersell 23300 22.75 1720069185379 10 29 0
cancelsell 23300 22.75 1720069245398 10 30 0
ordersell 23300 16.95 1720069245399 10 30 0
sell 23300 17.95 1720069250379 10 30 -13.25000000000001
orderbuy 23300 20.2 1720069465410 10 34 0
buy 23300 20.2 1720069470534 10 34 0
ordersell 23300 21.2 1720069470534 10 34 0
sell 23300 24.6 1720069535479 10 35 -8.850000000000009
orderbuy 23250 20.75 1720069540454 10 35 0
buy 23250 20.75 1720069545468 10 35 0
ordersell 23250 21.75 1720069545469 10 35 0
sell 23250 22.75 1720070295787 10 48 -6.8500000000000085
orderbuy 24300 20 1720070320785 10 48 0
buy 24300 20 1720070326820 10 48 0
ordersell 24300 21 1720070326820 10 48 0
sell 24300 21.4 1720071606269 11 10 -5.45000000000001
orderbuy 23300 21.5 1720071621285 11 10 0
buy 23300 21.5 1720071626344 11 10 0
ordersell 23300 22.5 1720071626344 11 10 0
cancelsell 23300 22.5 1720071816466 11 13 0
ordersell 23300 18.3 1720071816466 11 13 0
sell 23300 19.3 1720071821371 11 13 -7.650000000000009
orderbuy 23300 20.3 1720071906498 11 15 0
buy 23300 20.3 1720071911407 11 15 0
ordersell 23300 21.3 1720071911408 11 15 0
sell 23300 21.95 1720072076473 11 17 -6.000000000000011
orderbuy 23300 20.3 1720072581915 11 26 0
buy 23300 20.3 1720072586702 11 26 0
ordersell 23300 21.3 1720072586703 11 26 0
cancelsell 23300 21.3 1720072861786 11 31 0
ordersell 23300 16.95 1720072861787 11 31 0
sell 23300 17.95 1720072866835 11 31 -8.350000000000012
orderbuy 24300 20.15 1720074102314 11 51 0
buy 24300 20.15 1720074107273 11 51 0
ordersell 24300 21.15 1720074107273 11 51 0
sell 24300 21.3 1720076373055 12 29 -7.20000000000001
orderbuy 24300 20.25 1720077233402 12 43 0
buy 24300 20.25 1720077238372 12 43 0
ordersell 24300 21.25 1720077238373 12 43 0
sell 24300 21.65 1720077933637 12 55 -5.800000000000011
orderbuy 23350 20.95 1720079904308 13 28 0
buy 23350 20.95 1720079909454 13 28 0
ordersell 23350 21.95 1720079909454 13 28 0
sell 23350 22.05 1720081290041 13 51 -4.70000000000001
orderbuy 23350 20 1720081865267 14 1 0
buy 23350 20 1720081870283 14 1 0
ordersell 23350 21 1720081870283 14 1 0
cancelsell 23350 21 1720082445516 14 10 0
ordersell 23350 16 1720082445517 14 10 0
sell 23350 17 1720082450467 14 10 -7.70000000000001
orderbuy 24300 20.6 1720082490929 14 11 0
buy 24300 20.6 1720082495481 14 11 0
ordersell 24300 21.6 1720082495481 14 11 0
cancelsell 24300 21.6 1720082505513 14 11 0
ordersell 24300 17.4 1720082505513 14 11 0
sell 24300 18.4 1720082510597 14 11 -9.900000000000013
orderbuy 23400 20.3 1720082555570 14 12 0
buy 23400 20.3 1720082560647 14 12 0
ordersell 23400 21.3 1720082560647 14 12 0
cancelsell 23400 21.3 1720083791221 14 33 0
ordersell 23400 17.15 1720083791224 14 33 0
sell 23400 18.15 1720083796206 14 33 -12.050000000000015
