orderbuy 50600 20.6 1714967194264 9 16 0
orderbuy 47500 23.95 1714967264270 9 17 0
orderbuy 47400 21 1714967394271 9 19 0
orderbuy 50600 23.95 1714967754563 9 25 0
orderbuy 47500 20.25 1714967769550 9 26 0
orderbuy 50700 21.6 1714967819391 9 26 0
orderbuy 47600 20.5 1714967864502 9 27 0
orderbuy 47600 21.25 1714967889518 9 28 0
orderbuy 47700 22.5 1714968174569 9 32 0
orderbuy 50700 20.25 1714968244555 9 34 0
orderbuy 50700 20.25 1714968285111 9 34 0
orderbuy 47600 20.4 1714968429631 9 37 0
orderbuy 47400 21.55 1714968664646 9 41 0
orderbuy 47400 20.55 1714968704746 9 41 0
orderbuy 47400 20.2 1714968779738 9 42 0
orderbuy 47300 21 1714968804850 9 43 0
orderbuy 50500 22.8 1714968819693 9 43 0
orderbuy 47300 21 1714968834704 9 43 0
orderbuy 50500 20.9 1714968874747 9 44 0
orderbuy 50600 20.3 1714968974819 9 46 0
orderbuy 47500 20.4 1714968989785 9 46 0
orderbuy 50600 20.3 1714969019750 9 46 0
orderbuy 47500 20.4 1714969029736 9 47 0
orderbuy 47500 20.85 1714969059776 9 47 0
orderbuy 50600 20.95 1714969550050 9 55 0
orderbuy 47600 21.7 1714969634865 9 57 0
orderbuy 50600 20.25 1714969649914 9 57 0
orderbuy 47500 20.3 1714969750090 9 59 0
orderbuy 47500 20.4 1714969805467 10 0 0
orderbuy 47500 20.45 1714970270319 10 7 0
orderbuy 47500 20.4 1714970840862 10 17 0
orderbuy 47500 20 1714970925447 10 18 0
orderbuy 47500 20.75 1714971075490 10 21 0
orderbuy 47500 20 1714971120448 10 22 0
orderbuy 47600 20.5 1714971550581 10 29 0
orderbuy 50600 21.5 1714971585553 10 29 0
orderbuy 50600 20.7 1714971705453 10 31 0
orderbuy 47700 20.1 1714971715481 10 31 0
orderbuy 50600 20.05 1714972435576 10 43 0
orderbuy 47700 20.4 1714972475735 10 44 0
orderbuy 50600 20.1 1714972490641 10 44 0
orderbuy 47700 20.4 1714972505793 10 45 0
orderbuy 50600 20.75 1714973330881 10 58 0
orderbuy 47700 21.05 1714974101097 11 11 0
orderbuy 47600 20.65 1714974171130 11 12 0
orderbuy 47600 20.2 1714974346185 11 15 0
orderbuy 47600 21.85 1714974831272 11 23 0
orderbuy 47600 20.85 1714975186330 11 29 0
orderbuy 47600 20.05 1714975301550 11 31 0
orderbuy 47600 20.3 1714975751488 11 39 0
orderbuy 47600 20.55 1714975781460 11 39 0
orderbuy 47600 20.2 1714976176502 11 46 0
orderbuy 47700 20.2 1714977186861 12 3 0
orderbuy 47700 21.15 1714978267258 12 21 0
orderbuy 47500 23.4 1714978792301 12 29 0
orderbuy 47600 21.25 1714979107370 12 35 0
orderbuy 47600 21.4 1714979517443 12 41 0
orderbuy 47600 20.45 1714979762527 12 46 0
orderbuy 47600 21 1714979802608 12 46 0
orderbuy 47500 20.5 1714979952584 12 49 0
orderbuy 50300 21.2 1714979977559 12 49 0
orderbuy 47500 20.5 1714979992566 12 49 0
orderbuy 50300 20.1 1714980107599 12 51 0
orderbuy 47500 22.5 1714980157619 12 52 0
orderbuy 47500 20.3 1714980352720 12 55 0
orderbuy 50300 21.65 1714980507791 12 58 0
orderbuy 50300 20.3 1714980787889 13 3 0
orderbuy 47600 21.3 1714981177906 13 9 0
orderbuy 47500 20 1714982018132 13 23 0
orderbuy 47500 20.1 1714982178110 13 26 0
orderbuy 47500 20.1 1714982208254 13 26 0
orderbuy 47500 23.75 1714982463357 13 31 0
orderbuy 50200 20.4 1714982553351 13 32 0
orderbuy 47500 20.55 1714982663391 13 34 0
orderbuy 47500 20.15 1714982843397 13 37 0
orderbuy 47600 21.95 1714983253522 13 44 0
orderbuy 47600 20.05 1714983483586 13 48 0
orderbuy 47600 20.1 1714983628634 13 50 0
orderbuy 47600 20.75 1714983803660 13 53 0
orderbuy 47600 20.75 1714983833657 13 53 0
orderbuy 47600 20.8 1714984658870 14 7 0
orderbuy 50200 20.3 1714985474061 14 21 0
orderbuy 47600 20.15 1714985704171 14 25 0
orderbuy 50200 20.35 1714985774200 14 26 0
orderbuy 50200 20.65 1714985804175 14 26 0
orderbuy 47600 20.3 1714985879204 14 27 0
orderbuy 50200 20.2 1714985894175 14 28 0
orderbuy 47600 20.15 1714985909205 14 28 0
orderbuy 47500 20.95 1714986294369 14 34 0
orderbuy 50100 20 1714986409339 14 36 0
orderbuy 50200 20.3 1714987004451 14 46 0
orderbuy 50300 20.3 1714987214553 14 50 0
orderbuy 47700 21 1714987344548 14 52 0
orderbuy 50200 20.15 1714987349548 14 52 0
orderbuy 50200 20.15 1714987354568 14 52 0
orderbuy 50200 20 1714987364552 14 52 0
orderbuy 50200 20 1714987429561 14 53 0
orderbuy 50200 21.25 1714987624663 14 57 0
orderbuy 47700 21.9 1714987764660 14 59 0
orderbuy 47600 20 1714987919724 15 1 0
