orderbuy 12000 20.1 1718344056564 11 17 0
buy 12000 20.1 1718344061562 11 17 0
ordersell 12000 21.1 1718344061563 11 17 0
cancelsell 12000 21.1 1718344141704 11 19 0
ordersell 12000 16.2 1718344141704 11 19 0
sell 12000 17.2 1718344146613 11 19 -2.900000000000002
orderbuy 12025 20.45 1718347767846 12 19 0
buy 12025 20.45 1718347772938 12 19 0
ordersell 12025 21.45 1718347772938 12 19 0
cancelsell 12025 21.45 1718347817911 12 20 0
ordersell 12025 15.55 1718347817911 12 20 0
sell 12025 16.55 1718347822880 12 20 -6.800000000000001
