orderbuy 23900 25.3 1721015100770 9 15 0
buy 23900 23.3 1721015105459 9 15 0
ordersell 23900 24.3 1721015105459 9 15 0
sell 23900 25.4 1721015185557 9 16 2.099999999999998
orderbuy 23350 21.8 1721015525596 9 22 0
buy 23350 21.8 1721015530580 9 22 0
ordersell 23350 22.8 1721015530580 9 22 0
cancelsell 23350 22.8 1721016070696 9 31 0
ordersell 23350 14.75 1721016070698 9 31 0
sell 23350 15.75 1721016075677 9 31 -3.950000000000003
orderbuy 23350 20.3 1721016595843 9 39 0
buy 23350 20.3 1721016600778 9 40 0
ordersell 23350 21.3 1721016600778 9 40 0
sell 23350 24.6 1721016680820 9 41 0.34999999999999787
orderbuy 23350 20 1721016895997 9 44 0
buy 23350 20 1721016900969 9 45 0
ordersell 23350 21 1721016900969 9 45 0
sell 23350 21.15 1721017030925 9 47 1.4999999999999964
orderbuy 23350 21.5 1721017255979 9 50 0
buy 23350 21.5 1721017260915 9 51 0
ordersell 23350 22.5 1721017260916 9 51 0
sell 23350 23.6 1721017526022 9 55 3.599999999999998
orderbuy 23350 20.3 1721019336339 10 25 0
buy 23350 20.3 1721019341347 10 25 0
ordersell 23350 21.3 1721019341348 10 25 0
cancelsell 23350 21.3 1721020406589 10 43 0
ordersell 23350 13 1721020406591 10 43 0
sell 23350 14 1721020411527 10 43 -2.700000000000003
orderbuy 23350 20.05 1721024883892 11 58 0
buy 23350 20.05 1721024888788 11 58 0
ordersell 23350 21.05 1721024888789 11 58 0
cancelsell 23350 21.05 1721024968941 11 59 0
ordersell 23350 14.45 1721024968944 11 59 0
sell 23350 15.45 1721024974122 11 59 -7.300000000000004
orderbuy 23400 21.1 1721026404168 12 23 0
buy 23400 21.1 1721026409038 12 23 0
ordersell 23400 22.1 1721026409038 12 23 0
sell 23400 22.6 1721026434674 12 23 -5.800000000000004
orderbuy 23950 20.55 1721030029785 13 23 0
buy 23950 20.55 1721030034705 13 23 0
ordersell 23950 21.55 1721030034705 13 23 0
cancelsell 23950 21.55 1721030239992 13 27 0
ordersell 23950 16.55 1721030239996 13 27 0
sell 23950 17.55 1721030244682 13 27 -8.800000000000004
orderbuy 23900 20.9 1721033265206 14 17 0
buy 23900 20.9 1721033270080 14 17 0
ordersell 23900 21.9 1721033270080 14 17 0
sell 23900 22 1721033375158 14 19 -7.700000000000003
