orderbuy 51200 24 1718768945876 9 19 0
orderbuy 51200 22.75 1718769025925 9 20 0
orderbuy 51500 25.3 1718769290985 9 24 0
orderbuy 51600 20.85 1718769451102 9 27 0
orderbuy 49900 22.4 1718769716081 9 31 0
orderbuy 51500 21.9 1718769796133 9 33 0
orderbuy 51600 21.4 1718770616422 9 46 0
orderbuy 51700 24.05 1718771207094 9 56 0
orderbuy 51900 24.25 1718771276970 9 57 0
orderbuy 50300 23.65 1718772356862 10 15 0
orderbuy 51700 20.25 1718772371947 10 16 0
orderbuy 51700 20.25 1718772377003 10 16 0
orderbuy 51700 20.25 1718772381920 10 16 0
orderbuy 51700 20.25 1718772386929 10 16 0
orderbuy 51700 20.25 1718772391939 10 16 0
orderbuy 50100 22.1 1718772962142 10 26 0
orderbuy 50100 20.2 1718773052273 10 27 0
orderbuy 51400 20.25 1718773057259 10 27 0
orderbuy 51400 20.25 1718773062147 10 27 0
orderbuy 51400 20.25 1718773067167 10 27 0
orderbuy 51400 20.25 1718773072264 10 27 0
orderbuy 51400 20.25 1718773077148 10 27 0
orderbuy 50100 23.75 1718773292359 10 31 0
orderbuy 50000 25 1718773347392 10 32 0
orderbuy 50000 20.3 1718773387293 10 33 0
orderbuy 50000 20.3 1718773392225 10 33 0
orderbuy 50000 20.3 1718773397319 10 33 0
orderbuy 50000 20.3 1718773412269 10 33 0
orderbuy 50000 20.3 1718773417256 10 33 0
orderbuy 50000 20.3 1718773422430 10 33 0
orderbuy 50000 20.3 1718773427232 10 33 0
orderbuy 51400 22.65 1718773472375 10 34 0
orderbuy 50100 20.6 1718773482352 10 34 0
orderbuy 51400 20.75 1718773502340 10 35 0
orderbuy 50100 23.3 1718773662282 10 37 0
orderbuy 50000 20.2 1718773777966 10 39 0
orderbuy 50000 20.2 1718773812702 10 40 0
orderbuy 50000 20.2 1718773837380 10 40 0
orderbuy 50100 20.05 1718773952567 10 42 0
orderbuy 50100 20.05 1718773957336 10 42 0
orderbuy 50100 20.05 1718773962335 10 42 0
orderbuy 50100 20.05 1718773967457 10 42 0
orderbuy 51400 20.2 1718774227598 10 47 0
orderbuy 50200 20.05 1718774232784 10 47 0
orderbuy 50200 20.05 1718774237478 10 47 0
orderbuy 50200 20.05 1718774247606 10 47 0
orderbuy 50200 20.05 1718774252489 10 47 0
orderbuy 50200 20.05 1718774257438 10 47 0
orderbuy 50200 20.05 1718774262396 10 47 0
orderbuy 50200 20.05 1718774267451 10 47 0
orderbuy 50200 20.05 1718774272398 10 47 0
orderbuy 50200 20.05 1718774277480 10 47 0
orderbuy 50200 20.05 1718774282483 10 48 0
orderbuy 50200 20.25 1718774302453 10 48 0
orderbuy 50200 20.25 1718774307535 10 48 0
orderbuy 50200 20.25 1718774312406 10 48 0
orderbuy 51600 24.8 1718775082634 11 1 0
orderbuy 51700 23.2 1718775457783 11 7 0
orderbuy 50400 20.2 1718776268217 11 21 0
orderbuy 50400 20.2 1718776288147 11 21 0
orderbuy 51600 23.8 1718777593639 11 43 0
orderbuy 50500 21.4 1718779139011 12 8 0
orderbuy 51600 20.7 1718779430188 12 13 0
orderbuy 51700 21.8 1718779574562 12 16 0
orderbuy 51700 20.6 1718779774641 12 19 0
orderbuy 51700 20.6 1718779779270 12 19 0
orderbuy 51700 20.6 1718779784252 12 19 0
orderbuy 51700 20.35 1718781229900 12 43 0
orderbuy 50600 20.25 1718781579905 12 49 0
orderbuy 51600 22.05 1718784765785 13 42 0
orderbuy 51800 24.95 1718786116315 14 5 0
orderbuy 51900 22.7 1718786461454 14 11 0
orderbuy 52000 23.65 1718787456730 14 27 0
orderbuy 52100 20.7 1718788101910 14 38 0
orderbuy 52200 20 1718788196953 14 39 0
orderbuy 51500 24.35 1718788617241 14 46 0
orderbuy 51500 23.2 1718788867375 14 51 0
