orderbuy 50800 24.25 1720151159821 9 15 0
orderbuy 50700 21.5 1720151224936 9 17 0
orderbuy 54500 21.35 1720151239902 9 17 0
orderbuy 50700 21.5 1720151264850 9 17 0
orderbuy 54500 20.8 1720151319853 9 18 0
orderbuy 54500 20.8 1720151354976 9 19 0
orderbuy 50700 20.15 1720151544962 9 22 0
orderbuy 54400 20.4 1720151585031 9 23 0
orderbuy 54400 20.4 1720151640086 9 24 0
orderbuy 50700 20.4 1720151665410 9 24 0
orderbuy 50600 20 1720151840131 9 27 0
orderbuy 50600 20.25 1720151970157 9 29 0
orderbuy 50600 22.35 1720152065231 9 31 0
orderbuy 50200 22.05 1720152130235 9 32 0
orderbuy 50200 20.05 1720152165204 9 32 0
orderbuy 50300 21.45 1720152260292 9 34 0
orderbuy 50300 21.45 1720152285332 9 34 0
orderbuy 54300 20 1720152495403 9 38 0
orderbuy 54300 20 1720152765526 9 42 0
orderbuy 50400 20.5 1720152915744 9 45 0
orderbuy 50300 21 1720153410824 9 53 0
orderbuy 50300 21 1720153451231 9 54 0
orderbuy 54200 20 1720153815976 10 0 0
orderbuy 54200 20.45 1720153937309 10 2 0
orderbuy 50400 20.65 1720153976019 10 2 0
orderbuy 50400 20.65 1720154016281 10 3 0
orderbuy 50400 20.65 1720154041115 10 4 0
orderbuy 54200 20.6 1720154121155 10 5 0
orderbuy 54200 20.15 1720154961427 10 19 0
orderbuy 50500 20.35 1720155276545 10 24 0
orderbuy 50500 21.05 1720155301583 10 25 0
orderbuy 50500 21.1 1720155326659 10 25 0
orderbuy 50700 21.1 1720156051821 10 37 0
orderbuy 54300 20.05 1720156457408 10 44 0
orderbuy 54400 20.45 1720156772161 10 49 0
orderbuy 54400 20.65 1720156887057 10 51 0
orderbuy 50800 20.4 1720157241970 10 57 0
orderbuy 50800 20.9 1720157782071 11 6 0
orderbuy 50800 20.55 1720157997120 11 9 0
orderbuy 50800 20 1720158277569 11 14 0
orderbuy 50800 20.3 1720158482220 11 18 0
orderbuy 50800 20.1 1720158577742 11 19 0
orderbuy 54300 20.45 1720158782295 11 23 0
orderbuy 54400 20.6 1720159017462 11 26 0
orderbuy 50900 20.45 1720159427577 11 33 0
orderbuy 50900 20.1 1720160002915 11 43 0
orderbuy 50900 20.1 1720160027858 11 43 0
orderbuy 50900 20.1 1720160303186 11 48 0
orderbuy 50900 20.05 1720160437966 11 50 0
orderbuy 50900 20 1720160738105 11 55 0
orderbuy 50900 20.7 1720160773392 11 56 0
orderbuy 54300 20.3 1720161268188 12 4 0
orderbuy 50900 21.25 1720161643326 12 10 0
orderbuy 54300 20.05 1720161738373 12 12 0
orderbuy 54300 20.05 1720161768361 12 12 0
orderbuy 54300 20 1720162083379 12 18 0
orderbuy 54300 20.15 1720162268493 12 21 0
orderbuy 54300 20.15 1720162293575 12 21 0
orderbuy 50900 20.15 1720162803644 12 30 0
orderbuy 54300 20.3 1720163749184 12 45 0
orderbuy 50900 20.05 1720164234402 12 53 0
orderbuy 50900 20.65 1720164524437 12 58 0
orderbuy 54300 20.3 1720164629436 13 0 0
orderbuy 54300 20.3 1720164644593 13 0 0
orderbuy 54300 20.3 1720164664557 13 1 0
orderbuy 50900 20 1720165209720 13 10 0
orderbuy 50900 20 1720165239695 13 10 0
orderbuy 50900 21.3 1720165294972 13 11 0
orderbuy 50800 20.55 1720165375324 13 12 0
orderbuy 54200 20.2 1720165509842 13 15 0
orderbuy 50900 20.3 1720166585471 13 33 0
orderbuy 50900 20.2 1720167250701 13 44 0
orderbuy 54200 20.35 1720167310689 13 45 0
orderbuy 54200 20 1720167370852 13 46 0
orderbuy 54200 20.3 1720167485815 13 48 0
orderbuy 50800 20.7 1720167631191 13 50 0
orderbuy 54200 20 1720167920941 13 55 0
orderbuy 54200 20 1720168121078 13 58 0
orderbuy 54200 20 1720169231538 14 17 0
orderbuy 50900 20.65 1720169276610 14 17 0
orderbuy 54200 20 1720169291597 14 18 0
orderbuy 50900 20.65 1720169301538 14 18 0
orderbuy 50800 20.15 1720169771731 14 26 0
orderbuy 50800 21.7 1720169901831 14 28 0
