orderbuy 24450 24.9 1719891937071 9 15 0
buy 24450 23.9 1719891942473 9 15 0
ordersell 24450 24.9 1719891942474 9 15 0
sell 24450 25 1719892022143 9 17 1.1000000000000014
orderbuy 23800 20.3 1719892362223 9 22 0
buy 23800 20.3 1719892368624 9 22 0
ordersell 23800 21.3 1719892368624 9 22 0
sell 23800 21.8 1719892652372 9 27 2.6000000000000014
orderbuy 23750 20 1719893157539 9 35 0
buy 23750 20 1719893162447 9 36 0
ordersell 23750 21 1719893162447 9 36 0
sell 23750 21.45 1719893407572 9 40 4.050000000000001
orderbuy 23700 21.6 1719893832642 9 47 0
buy 23700 21.6 1719893837665 9 47 0
ordersell 23700 22.6 1719893837666 9 47 0
cancelsell 23700 22.6 1719894077731 9 51 0
ordersell 23700 17.05 1719894077733 9 51 0
sell 23700 18.05 1719894082739 9 51 0.5
orderbuy 23850 20.05 1719899464344 11 21 0
buy 23850 20.05 1719899469337 11 21 0
ordersell 23850 21.05 1719899469337 11 21 0
sell 23850 25.35 1719900714865 11 41 5.800000000000001
orderbuy 23800 21.7 1719900854853 11 44 0
buy 23800 21.7 1719900859824 11 44 0
ordersell 23800 22.7 1719900859824 11 44 0
cancelsell 23800 22.7 1719902630590 12 13 0
ordersell 23800 18.4 1719902630593 12 13 0
sell 23800 19.4 1719902635411 12 13 3.5
orderbuy 23800 20.4 1719902715421 12 15 0
buy 23800 20.4 1719902720361 12 15 0
ordersell 23800 21.4 1719902720362 12 15 0
sell 23800 21.6 1719902755453 12 15 4.700000000000003
orderbuy 23800 20.6 1719903546133 12 29 0
buy 23800 20.6 1719903550609 12 29 0
ordersell 23800 21.6 1719903550610 12 29 0
sell 23800 21.8 1719904180772 12 39 5.900000000000002
orderbuy 23750 22.6 1719905416331 13 0 0
buy 23750 22.6 1719905421267 13 0 0
ordersell 23750 23.6 1719905421267 13 0 0
sell 23750 25.35 1719905496318 13 1 8.650000000000002
orderbuy 23750 20.25 1719905776425 13 6 0
buy 23750 20.25 1719905781366 13 6 0
ordersell 23750 21.25 1719905781367 13 6 0
cancelsell 23750 21.25 1719906271574 13 14 0
ordersell 23750 16.85 1719906271577 13 14 0
sell 23750 17.85 1719906276565 13 14 6.2500000000000036
orderbuy 24400 20.15 1719908277251 13 47 0
buy 24400 20.15 1719908282133 13 48 0
ordersell 24400 21.15 1719908282133 13 48 0
cancelsell 24400 21.15 1719908782256 13 56 0
ordersell 24400 16.15 1719908782257 13 56 0
sell 24400 17.15 1719908787367 13 56 3.2500000000000036
orderbuy 24400 21.25 1719911339095 14 38 0
buy 24400 21.25 1719911343076 14 39 0
ordersell 24400 22.25 1719911343077 14 39 0
cancelsell 24400 22.25 1719912348433 14 55 0
ordersell 24400 17.85 1719912348439 14 55 0
sell 24400 18.85 1719912353412 14 55 0.850000000000005
