orderbuy 22550 21.55 1719200775514 9 16 0
buy 22550 21.55 1719200780563 9 16 0
ordersell 22550 22.55 1719200780563 9 16 0
sell 22550 24.35 1719200835532 9 17 2.8000000000000007
orderbuy 23150 21.1 1719201090666 9 21 0
buy 23150 21.1 1719201095610 9 21 0
ordersell 23150 22.1 1719201095610 9 21 0
sell 23150 23.2 1719201105928 9 21 4.899999999999999
orderbuy 22550 20 1719201135664 9 22 0
buy 22550 20 1719201140637 9 22 0
ordersell 22550 21 1719201140637 9 22 0
cancelsell 22550 21 1719201300692 9 25 0
ordersell 22550 15.8 1719201300694 9 25 0
sell 22550 16.8 1719201305987 9 25 1.6999999999999993
orderbuy 22550 20 1719201760971 9 32 0
buy 22550 20 1719201765975 9 32 0
ordersell 22550 21 1719201765976 9 32 0
cancelsell 22550 21 1719201901021 9 35 0
ordersell 22550 15.649999999999999 1719201901021 9 35 0
sell 22550 16.65 1719201905978 9 35 -1.6500000000000021
orderbuy 22550 22.2 1719202301129 9 41 0
buy 22550 22.2 1719202306137 9 41 0
ordersell 22550 23.2 1719202306137 9 41 0
cancelsell 22550 23.2 1719202371196 9 42 0
ordersell 22550 19.1 1719202371197 9 42 0
sell 22550 20.1 1719202376129 9 42 -3.75
orderbuy 23100 20.75 1719203291547 9 58 0
buy 23100 20.75 1719203296564 9 58 0
ordersell 23100 21.75 1719203296567 9 58 0
cancelsell 23100 21.75 1719203511608 10 1 0
ordersell 23100 17.3 1719203511611 10 1 0
sell 23100 18.3 1719203516720 10 1 -6.199999999999999
orderbuy 23100 20.15 1719203756648 10 5 0
buy 23100 20.15 1719203761683 10 6 0
ordersell 23100 21.15 1719203761683 10 6 0
sell 23100 24.7 1719203866719 10 7 -1.6499999999999986
orderbuy 23100 21.4 1719203932958 10 8 0
buy 23100 21.4 1719203936829 10 8 0
ordersell 23100 22.4 1719203936829 10 8 0
sell 23100 24.7 1719203946723 10 9 1.6500000000000021
orderbuy 23100 21.4 1719203956796 10 9 0
buy 23100 21.4 1719203961814 10 9 0
ordersell 23100 22.4 1719203961815 10 9 0
sell 23100 23.1 1719203986730 10 9 3.350000000000005
orderbuy 23150 21.2 1719204041746 10 10 0
buy 23150 21.2 1719204046821 10 10 0
ordersell 23150 22.2 1719204046822 10 10 0
cancelsell 23150 22.2 1719204051788 10 10 0
ordersell 23150 17.45 1719204051789 10 10 0
sell 23150 18.45 1719204056759 10 10 0.600000000000005
orderbuy 23150 21.75 1719204406970 10 16 0
buy 23150 21.75 1719204411957 10 16 0
ordersell 23150 22.75 1719204411958 10 16 0
cancelsell 23150 22.75 1719204497168 10 18 0
ordersell 23150 18.5 1719204497169 10 18 0
sell 23150 19.5 1719204501988 10 18 -1.649999999999995
orderbuy 23100 21.3 1719204732085 10 22 0
buy 23100 21.3 1719204737211 10 22 0
ordersell 23100 22.3 1719204737211 10 22 0
sell 23100 22.7 1719204752120 10 22 -0.24999999999999645
orderbuy 23100 21.3 1719204767343 10 22 0
buy 23100 21.3 1719204772120 10 22 0
ordersell 23100 22.3 1719204772120 10 22 0
sell 23100 23.5 1719204782107 10 23 1.9500000000000028
orderbuy 23150 21.9 1719205392382 10 33 0
buy 23150 21.9 1719205397295 10 33 0
ordersell 23150 22.9 1719205397296 10 33 0
sell 23150 24.45 1719205442333 10 34 4.5000000000000036
orderbuy 23200 21.3 1719206303165 10 48 0
buy 23200 21.3 1719206307605 10 48 0
ordersell 23200 22.3 1719206307607 10 48 0
sell 23200 22.3 1719206342624 10 49 5.5000000000000036
orderbuy 23200 21.05 1719206442655 10 50 0
buy 23200 21.05 1719206447644 10 50 0
ordersell 23200 22.05 1719206447645 10 50 0
cancelsell 23200 22.05 1719206927893 10 58 0
ordersell 23200 17.4 1719206927895 10 58 0
sell 23200 18.4 1719206932859 10 58 2.8500000000000014
orderbuy 23250 21 1719207253083 11 4 0
buy 23250 21 1719207257977 11 4 0
ordersell 23250 22 1719207257978 11 4 0
sell 23250 22.25 1719207353039 11 5 4.100000000000001
orderbuy 23300 20.85 1719207528174 11 8 0
buy 23300 20.85 1719207533170 11 8 0
ordersell 23300 21.85 1719207533171 11 8 0
cancelsell 23300 21.85 1719207648160 11 10 0
ordersell 23300 17.6 1719207648161 11 10 0
sell 23300 18.6 1719207653160 11 10 1.8500000000000014
orderbuy 22700 20.3 1719207878181 11 14 0
buy 22700 20.3 1719207883177 11 14 0
ordersell 22700 21.3 1719207883177 11 14 0
cancelsell 22700 21.3 1719208158304 11 19 0
ordersell 22700 16.05 1719208158306 11 19 0
sell 22700 17.05 1719208163301 11 19 -1.3999999999999986
orderbuy 23300 21.45 1719208523435 11 25 0
buy 23300 21.45 1719208528530 11 25 0
ordersell 23300 22.45 1719208528530 11 25 0
sell 23300 23.25 1719208668695 11 27 0.40000000000000213
orderbuy 22700 20.95 1719209839039 11 47 0
buy 22700 20.95 1719209843949 11 47 0
ordersell 22700 21.95 1719209843949 11 47 0
cancelsell 22700 21.95 1719209964031 11 49 0
ordersell 22700 17 1719209964031 11 49 0
sell 22700 18 1719209969004 11 49 -2.549999999999997
orderbuy 23300 20.85 1719210349188 11 55 0
buy 23300 20.85 1719210354173 11 55 0
ordersell 23300 21.85 1719210354173 11 55 0
cancelsell 23300 21.85 1719210459170 11 57 0
ordersell 23300 17.45 1719210459172 11 57 0
sell 23300 18.45 1719210464296 11 57 -4.949999999999999
orderbuy 23300 20.05 1719211449501 12 14 0
buy 23300 20.05 1719211454399 12 14 0
ordersell 23300 21.05 1719211454399 12 14 0
sell 23300 21.15 1719211809517 12 20 -3.8500000000000014
orderbuy 22750 20.1 1719213460170 12 47 0
buy 22750 20.1 1719213465324 12 47 0
ordersell 22750 21.1 1719213465325 12 47 0
cancelsell 22750 21.1 1719213930346 12 55 0
ordersell 22750 16.85 1719213930347 12 55 0
sell 22750 17.85 1719213935368 12 55 -6.100000000000001
orderbuy 23300 21.15 1719215020889 13 13 0
buy 23300 21.15 1719215025915 13 13 0
ordersell 23300 22.15 1719215025915 13 13 0
cancelsell 23300 22.15 1719215325972 13 18 0
ordersell 23300 17.85 1719215325975 13 18 0
sell 23300 18.85 1719215330965 13 18 -8.399999999999999
orderbuy 23300 23.9 1719215971284 13 29 0
buy 23300 23.9 1719215976240 13 29 0
ordersell 23300 24.9 1719215976240 13 29 0
cancelsell 23300 24.9 1719216041283 13 30 0
ordersell 23300 17.45 1719216041285 13 30 0
sell 23300 18.45 1719216046265 13 30 -13.849999999999998
orderbuy 23300 20.25 1719217461848 13 54 0
buy 23300 20.25 1719217466837 13 54 0
ordersell 23300 21.25 1719217466837 13 54 0
cancelsell 23300 21.25 1719217661933 13 57 0
ordersell 23300 15.2 1719217661934 13 57 0
sell 23300 16.2 1719217667083 13 57 -17.899999999999995
orderbuy 22600 24.3 1719219717809 14 31 0
buy 22600 23.3 1719219722713 14 32 0
ordersell 22600 24.3 1719219722714 14 32 0
cancelsell 22600 24.3 1719219732845 14 32 0
ordersell 22600 6.25 1719219732846 14 32 0
sell 22600 7.25 1719219737729 14 32 -33.949999999999996
orderbuy 23250 20.2 1719220422927 14 43 0
buy 23250 20.2 1719220427977 14 43 0
ordersell 23250 21.2 1719220427977 14 43 0
sell 23250 21.55 1719220437956 14 43 -32.599999999999994
orderbuy 23250 20.2 1719220453017 14 44 0
buy 23250 20.2 1719220457936 14 44 0
ordersell 23250 21.2 1719220457936 14 44 0
cancelsell 23250 21.2 1719220773065 14 49 0
ordersell 23250 15.600000000000001 1719220773067 14 49 0
sell 23250 16.6 1719220778061 14 49 -36.199999999999996
orderbuy 22800 22.35 1719220843113 14 50 0
buy 22800 22.35 1719220848087 14 50 0
ordersell 22800 23.35 1719220848088 14 50 0
sell 22800 18.9 1719221523330 15 2 -54.099999999999994
