orderbuy 48700 20.4 1714448893834 9 18 0
orderbuy 48700 23.6 1714449053839 9 20 0
orderbuy 48700 23.6 1714449083888 9 21 0
orderbuy 48600 20.2 1714449123882 9 22 0
orderbuy 50000 20.5 1714449391214 9 26 0
orderbuy 50000 20.5 1714449396242 9 26 0
orderbuy 50000 20.5 1714449401307 9 26 0
orderbuy 50000 20.5 1714449406520 9 26 0
orderbuy 50000 20.5 1714449411254 9 26 0
orderbuy 50200 21.95 1714451146496 9 55 0
orderbuy 49000 25.1 1714452056581 10 10 0
orderbuy 50200 21.85 1714453112054 10 28 0
orderbuy 50200 21.7 1714454302325 10 48 0
orderbuy 49000 21.1 1714455462613 11 7 0
orderbuy 50100 20.85 1714455582613 11 9 0
orderbuy 50100 21.95 1714456787906 11 29 0
orderbuy 50100 21.95 1714456793013 11 29 0
orderbuy 50100 21.95 1714456797932 11 29 0
orderbuy 49100 20.55 1714457007973 11 33 0
orderbuy 49100 20.25 1714457303048 11 38 0
orderbuy 49100 21.1 1714458058253 11 50 0
orderbuy 49100 20.15 1714458348719 11 55 0
orderbuy 49200 20.9 1714458553561 11 59 0
orderbuy 49200 20.9 1714458558350 11 59 0
orderbuy 49200 20.9 1714458563355 11 59 0
orderbuy 49200 20.9 1714458568338 11 59 0
orderbuy 49200 20.9 1714458573330 11 59 0
orderbuy 49200 20.9 1714458593336 11 59 0
orderbuy 49200 20.45 1714461054031 12 40 0
orderbuy 49100 22.15 1714461118957 12 41 0
orderbuy 50000 20.85 1714461263962 12 44 0
orderbuy 49200 24 1714463309492 13 18 0
orderbuy 49800 21.3 1714463464522 13 21 0
orderbuy 49200 23.05 1714463514539 13 21 0
orderbuy 49900 25.25 1714465115232 13 48 0
orderbuy 49900 20.1 1714465195250 13 49 0
orderbuy 49900 20.1 1714465200203 13 50 0
orderbuy 49900 20.1 1714465205232 13 50 0
orderbuy 49900 20.1 1714465210256 13 50 0
orderbuy 49900 20.1 1714465215205 13 50 0
orderbuy 49900 20.1 1714465220210 13 50 0
orderbuy 49900 20.1 1714465225255 13 50 0
orderbuy 49900 20.1 1714465230216 13 50 0
orderbuy 50300 25.9 1714466340478 14 9 0
orderbuy 50300 20.2 1714466410490 14 10 0
orderbuy 50300 20.2 1714466415485 14 10 0
orderbuy 50300 20.2 1714466420501 14 10 0
orderbuy 50300 20.2 1714466425572 14 10 0
orderbuy 50300 20.2 1714466430560 14 10 0
orderbuy 50300 20.2 1714466435584 14 10 0
orderbuy 50300 20.2 1714466440497 14 10 0
orderbuy 50300 20.2 1714466445554 14 10 0
orderbuy 50300 20.2 1714466455498 14 10 0
orderbuy 50200 20.75 1714466795590 14 16 0
orderbuy 50200 20.75 1714466800573 14 16 0
orderbuy 50200 20.75 1714466805651 14 16 0
orderbuy 50200 20.75 1714466810669 14 16 0
orderbuy 50200 20.75 1714466815581 14 16 0
orderbuy 50200 20.75 1714466820623 14 17 0
orderbuy 49600 20.15 1714466825613 14 17 0
orderbuy 49600 20.15 1714466830584 14 17 0
orderbuy 50200 20.75 1714466835610 14 17 0
orderbuy 49500 22.05 1714468896419 14 51 0
