orderbuy 24300 28.95 1719373555017 9 15 0
buy 24300 24.95 1719373559977 9 15 0
ordersell 24300 25.95 1719373559977 9 15 0
cancelsell 24300 25.95 1719373600046 9 16 0
ordersell 24300 19.8 1719373600047 9 16 0
sell 24300 20.8 1719373604996 9 16 -4.149999999999999
orderbuy 24300 20.8 1719373610039 9 16 0
cancelbuy 24300 20.8 1719373615015 9 16 0
orderbuy 21900 27 1719373630144 9 17 0
buy 21900 25 1719373635005 9 17 0
ordersell 21900 26 1719373635006 9 17 0
cancelsell 21900 26 1719373645012 9 17 0
ordersell 21900 11.35 1719373645014 9 17 0
sell 21900 12.35 1719373650150 9 17 -16.799999999999997
orderbuy 24300 20.8 1719373655011 9 17 0
buy 24300 20.8 1719373660085 9 17 0
ordersell 24300 21.8 1719373660085 9 17 0
sell 24300 26 1719373745076 9 19 -11.599999999999994
orderbuy 24450 20.95 1719373750040 9 19 0
buy 24450 20.95 1719373755111 9 19 0
ordersell 24450 21.95 1719373755112 9 19 0
cancelsell 24450 21.95 1719373770915 9 19 0
ordersell 24450 17.7 1719373770915 9 19 0
sell 24450 18.7 1719373775073 9 19 -13.849999999999998
orderbuy 24450 20.95 1719373800078 9 20 0
buy 24450 20.95 1719373805101 9 20 0
ordersell 24450 21.95 1719373805101 9 20 0
cancelsell 24450 21.95 1719373825083 9 20 0
ordersell 24450 11.7 1719373825083 9 20 0
sell 24450 12.7 1719373830143 9 20 -22.099999999999998
orderbuy 22400 20.2 1719374155346 9 25 0
buy 22400 20.2 1719374160180 9 26 0
ordersell 22400 21.2 1719374160180 9 26 0
sell 22400 22.25 1719374480619 9 31 -20.049999999999997
orderbuy 22350 20.65 1719374550423 9 32 0
buy 22350 20.65 1719374555650 9 32 0
ordersell 22350 21.65 1719374555650 9 32 0
cancelsell 22350 21.65 1719374720472 9 35 0
ordersell 22350 17.15 1719374720473 9 35 0
sell 22350 18.15 1719374725491 9 35 -22.549999999999997
orderbuy 22400 22.3 1719374735475 9 35 0
buy 22400 22.3 1719374740445 9 35 0
ordersell 22400 23.3 1719374740445 9 35 0
cancelsell 22400 23.3 1719374885486 9 38 0
ordersell 22400 19.1 1719374885486 9 38 0
sell 22400 20.1 1719374890883 9 38 -24.749999999999993
orderbuy 24300 20 1719374980609 9 39 0
buy 24300 20 1719374985476 9 39 0
ordersell 24300 21 1719374985476 9 39 0
cancelsell 24300 21 1719375375731 9 46 0
ordersell 24300 15.8 1719375375732 9 46 0
sell 24300 16.8 1719375380687 9 46 -27.949999999999992
orderbuy 22350 20 1719375415723 9 46 0
buy 22350 20 1719375420682 9 47 0
ordersell 22350 21 1719375420683 9 47 0
cancelsell 22350 21 1719375895900 9 54 0
ordersell 22350 16.05 1719375895902 9 54 0
sell 22350 17.05 1719375900838 9 55 -30.899999999999988
orderbuy 22450 20.5 1719376125945 9 58 0
buy 22450 20.5 1719376130902 9 58 0
ordersell 22450 21.5 1719376130903 9 58 0
sell 22450 21.5 1719376561135 10 6 -29.89999999999999
orderbuy 22450 20 1719376956185 10 12 0
buy 22450 20 1719376961391 10 12 0
ordersell 22450 21 1719376961391 10 12 0
cancelsell 22450 21 1719377416409 10 20 0
ordersell 22450 16.4 1719377416410 10 20 0
sell 22450 17.4 1719377421509 10 20 -32.49999999999999
orderbuy 22550 20.5 1719377856674 10 27 0
buy 22550 20.5 1719377861628 10 27 0
ordersell 22550 21.5 1719377861628 10 27 0
cancelsell 22550 21.5 1719378821945 10 43 0
ordersell 22550 16.8 1719378821945 10 43 0
sell 22550 17.8 1719378827062 10 43 -35.19999999999999
orderbuy 22600 20.15 1719378907028 10 45 0
buy 22600 20.15 1719378911952 10 45 0
ordersell 22600 21.15 1719378911952 10 45 0
cancelsell 22600 21.15 1719379272110 10 51 0
ordersell 22600 16.8 1719379272111 10 51 0
sell 22600 17.8 1719379277133 10 51 -37.54999999999998
orderbuy 22650 20.1 1719379327329 10 52 0
buy 22650 20.1 1719379332136 10 52 0
ordersell 22650 21.1 1719379332136 10 52 0
cancelsell 22650 21.1 1719379687436 10 58 0
ordersell 22650 16.95 1719379687436 10 58 0
sell 22650 17.95 1719379692317 10 58 -39.69999999999999
orderbuy 24250 20.85 1719379757654 10 59 0
buy 24250 20.85 1719379762300 10 59 0
ordersell 24250 21.85 1719379762301 10 59 0
sell 24250 22.2 1719379892621 11 1 -38.349999999999994
orderbuy 24300 21.3 1719379932389 11 2 0
buy 24300 21.3 1719379937426 11 2 0
ordersell 24300 22.3 1719379937427 11 2 0
cancelsell 24300 22.3 1719379947360 11 2 0
ordersell 24300 18.2 1719379947360 11 2 0
sell 24300 19.2 1719379952354 11 2 -40.44999999999999
orderbuy 24300 20.1 1719380132452 11 5 0
buy 24300 20.1 1719380137416 11 5 0
ordersell 24300 21.1 1719380137417 11 5 0
sell 24300 21.8 1719380417450 11 10 -38.749999999999986
orderbuy 22750 20.9 1719380692523 11 14 0
buy 22750 20.9 1719380697556 11 14 0
ordersell 22750 21.9 1719380697557 11 14 0
cancelsell 22750 21.9 1719381527908 11 28 0
ordersell 22750 17.45 1719381527908 11 28 0
sell 22750 18.45 1719381532906 11 28 -41.19999999999999
orderbuy 24350 21.25 1719381732964 11 32 0
buy 24350 19.9 1719381738291 11 32 0
ordersell 24350 20.9 1719381738292 11 32 0
sell 24350 21.25 1719381793028 11 33 -39.84999999999999
orderbuy 24400 21.05 1719381808054 11 33 0
buy 24400 21.05 1719381812969 11 33 0
ordersell 24400 22.05 1719381812970 11 33 0
cancelsell 24400 22.05 1719382398595 11 43 0
ordersell 24400 17.55 1719382398595 11 43 0
sell 24400 18.55 1719382403249 11 43 -42.349999999999994
orderbuy 24350 20.35 1719382618587 11 46 0
buy 24350 20.35 1719382623346 11 47 0
ordersell 24350 21.35 1719382623346 11 47 0
sell 24350 21.55 1719382798401 11 49 -41.14999999999999
orderbuy 22800 20 1719382843444 11 50 0
buy 22800 20 1719382848417 11 50 0
ordersell 22800 21 1719382848417 11 50 0
cancelsell 22800 21 1719384629091 12 20 0
ordersell 22800 16.5 1719384629092 12 20 0
sell 22800 17.5 1719384634167 12 20 -43.64999999999999
orderbuy 22850 20 1719384699127 12 21 0
buy 22850 20 1719384704094 12 21 0
ordersell 22850 21 1719384704095 12 21 0
sell 22850 21.15 1719385264336 12 31 -42.49999999999999
orderbuy 24350 20 1719386124672 12 45 0
buy 24350 20 1719386129708 12 45 0
ordersell 24350 21 1719386129708 12 45 0
cancelsell 24350 21 1719386879900 12 57 0
ordersell 24350 16.3 1719386879901 12 57 0
sell 24350 17.3 1719386885185 12 58 -45.19999999999999
orderbuy 22800 20.3 1719387190048 13 3 0
buy 22800 20.3 1719387195051 13 3 0
ordersell 22800 21.3 1719387195051 13 3 0
cancelsell 22800 21.3 1719387565319 13 9 0
ordersell 22800 16.85 1719387565320 13 9 0
sell 22800 17.85 1719387570543 13 9 -47.649999999999984
orderbuy 24300 20.55 1719387730356 13 12 0
buy 24300 20.55 1719387735428 13 12 0
ordersell 24300 21.55 1719387735429 13 12 0
sell 24300 21.7 1719388175603 13 19 -46.499999999999986
orderbuy 24350 20 1719389530976 13 42 0
buy 24350 20 1719389536007 13 42 0
ordersell 24350 21 1719389536007 13 42 0
cancelsell 24350 21 1719389746068 13 45 0
ordersell 24350 16.7 1719389746068 13 45 0
sell 24350 18.2 1719389751124 13 45 -48.29999999999998
orderbuy 22900 20.15 1719391871855 14 21 0
buy 22900 20.15 1719391876838 14 21 0
ordersell 22900 21.15 1719391876839 14 21 0
sell 22900 21.3 1719394272738 15 1 -47.14999999999999
