orderbuy 23800 25.05 1719892467965 9 24 0
buy 23800 24.05 1719892473044 9 24 0
ordersell 23800 25.05 1719892473044 9 24 0
cancelsell 23800 25.05 1719892538026 9 25 0
ordersell 23800 19.75 1719892538026 9 25 0
sell 23800 20.75 1719892543022 9 25 -3.3000000000000007
orderbuy 23800 20.75 1719892548050 9 25 0
buy 23800 20.75 1719892552994 9 25 0
ordersell 23800 21.75 1719892552994 9 25 0
cancelsell 23800 21.75 1719892823165 9 30 0
ordersell 23800 16.95 1719892823166 9 30 0
sell 23800 17.95 1719892828087 9 30 -6.100000000000001
orderbuy 23200 20.55 1719893883408 9 48 0
buy 23200 20.55 1719893888481 9 48 0
ordersell 23200 21.55 1719893888481 9 48 0
cancelsell 23200 21.55 1719893898462 9 48 0
ordersell 23200 16.5 1719893898463 9 48 0
sell 23200 17.5 1719893903529 9 48 -9.150000000000002
orderbuy 23650 20.45 1719894843805 10 4 0
buy 23650 20.45 1719894848695 10 4 0
ordersell 23650 21.45 1719894848696 10 4 0
sell 23650 23 1719895003735 10 6 -6.600000000000001
orderbuy 23300 20.25 1719895008741 10 6 0
buy 23300 20.25 1719895013727 10 6 0
ordersell 23300 21.25 1719895013727 10 6 0
cancelsell 23300 21.25 1719895054012 10 7 0
ordersell 23300 16.3 1719895054012 10 7 0
sell 23300 17.3 1719895058749 10 7 -9.55
orderbuy 23250 24.65 1719900580454 11 39 0
buy 23250 23.65 1719900585412 11 39 0
ordersell 23250 24.65 1719900585412 11 39 0
cancelsell 23250 24.65 1719900820593 11 43 0
ordersell 23250 11.2 1719900820593 11 43 0
sell 23250 12.2 1719900825538 11 43 -21.000000000000004
orderbuy 23300 20.45 1719900950624 11 45 0
buy 23300 20.45 1719900955543 11 45 0
ordersell 23300 21.45 1719900955543 11 45 0
cancelsell 23300 21.45 1719901740833 11 59 0
ordersell 23300 6.15 1719901740835 11 59 0
sell 23300 7.15 1719901745880 11 59 -34.300000000000004
orderbuy 23500 21.8 1719909113126 14 1 0
buy 23500 21.8 1719909118172 14 1 0
ordersell 23500 22.8 1719909118172 14 1 0
sell 23500 24.2 1719909168214 14 2 -31.90000000000001
