orderbuy 11325 21.2 1714449958794 9 35 0
buy 11325 21.2 1714449963729 9 36 0
ordersell 11325 22.2 1714449963729 9 36 0
cancelsell 11325 22.2 1714449978768 9 36 0
ordersell 11325 17.65 1714449978768 9 36 0
sell 11325 18.65 1714449983807 9 36 -2.5500000000000007
orderbuy 11350 20.6 1714450058779 9 37 0
buy 11350 20.6 1714450064640 9 37 0
ordersell 11350 21.6 1714450064641 9 37 0
sell 11350 22 1714450253820 9 40 -1.1500000000000021
orderbuy 11375 20 1714450263860 9 41 0
buy 11375 20 1714450268767 9 41 0
ordersell 11375 21 1714450268768 9 41 0
cancelsell 11375 21 1714450318806 9 41 0
ordersell 11375 16.75 1714450318807 9 41 0
sell 11375 17.75 1714450323783 9 42 -3.400000000000002
orderbuy 11375 20.55 1714450658881 9 47 0
buy 11375 20.55 1714450663824 9 47 0
ordersell 11375 21.55 1714450663824 9 47 0
sell 11375 21.95 1714450978938 9 52 -2.0000000000000036
orderbuy 11375 20.2 1714451353966 9 59 0
buy 11375 20.2 1714451358962 9 59 0
ordersell 11375 21.2 1714451358962 9 59 0
cancelsell 11375 21.2 1714451739070 10 5 0
ordersell 11375 16.35 1714451739072 10 5 0
sell 11375 17.35 1714451743988 10 5 -4.850000000000001
orderbuy 10875 20.4 1714451909278 10 8 0
buy 10875 20.4 1714451914000 10 8 0
ordersell 10875 21.4 1714451914001 10 8 0
sell 10875 21.95 1714451954061 10 9 -3.3000000000000007
orderbuy 11350 20.55 1714452039093 10 10 0
buy 11350 20.55 1714452044023 10 10 0
ordersell 11350 21.55 1714452044023 10 10 0
sell 11350 21.65 1714452069073 10 11 -2.200000000000003
orderbuy 11350 20.1 1714452839480 10 23 0
buy 11350 20.1 1714452844445 10 24 0
ordersell 11350 21.1 1714452844445 10 24 0
cancelsell 11350 21.1 1714454884997 10 58 0
ordersell 11350 16.8 1714454884999 10 58 0
sell 11350 17.8 1714454889978 10 58 -4.5000000000000036
orderbuy 10850 20.1 1714454939954 10 58 0
buy 10850 20.1 1714454944985 10 59 0
ordersell 10850 21.1 1714454944985 10 59 0
sell 10850 22.55 1714454985019 10 59 -2.0500000000000043
orderbuy 11350 20.95 1714456735377 11 28 0
buy 11350 20.95 1714456740413 11 29 0
ordersell 11350 21.95 1714456740414 11 29 0
sell 11350 22.45 1714457245573 11 37 -0.5500000000000043
orderbuy 10875 20.2 1714458025787 11 50 0
buy 10875 20.2 1714458030698 11 50 0
ordersell 10875 21.2 1714458030698 11 50 0
cancelsell 10875 21.2 1714461906719 12 55 0
ordersell 10875 17.15 1714461906722 12 55 0
sell 10875 18.15 1714461911655 12 55 -2.600000000000005
orderbuy 11350 20.35 1714462371780 13 2 0
buy 11350 20.35 1714462376768 13 2 0
ordersell 11350 21.35 1714462376768 13 2 0
cancelsell 11350 21.35 1714462761878 13 9 0
ordersell 11350 16.8 1714462761881 13 9 0
sell 11350 17.8 1714462766829 13 9 -5.150000000000006
orderbuy 10875 20 1714463236995 13 17 0
buy 10875 20 1714463241943 13 17 0
ordersell 10875 21 1714463241943 13 17 0
cancelsell 10875 21 1714463627064 13 23 0
ordersell 10875 16.6 1714463627067 13 23 0
sell 10875 17.6 1714463632014 13 23 -7.550000000000004
orderbuy 11350 20.15 1714464392203 13 36 0
buy 11350 20.15 1714464397206 13 36 0
ordersell 11350 21.15 1714464397206 13 36 0
cancelsell 11350 21.15 1714464657667 13 40 0
ordersell 11350 16.75 1714464657672 13 40 0
sell 11350 17.75 1714464662604 13 41 -9.950000000000003
orderbuy 11350 20.4 1714464992760 13 46 0
buy 11350 20.4 1714464997687 13 46 0
ordersell 11350 21.4 1714464997687 13 46 0
cancelsell 11350 21.4 1714465182791 13 49 0
ordersell 11350 16.7 1714465182794 13 49 0
sell 11350 17.7 1714465187740 13 49 -12.650000000000002
orderbuy 11350 20 1714465907995 14 1 0
buy 11350 20 1714465912932 14 1 0
ordersell 11350 21 1714465912933 14 1 0
cancelsell 11350 21 1714466458186 14 10 0
ordersell 11350 16.6 1714466458188 14 10 0
sell 11350 17.6 1714466463088 14 11 -15.050000000000004
orderbuy 10925 20 1714467023210 14 20 0
buy 10925 20 1714467028312 14 20 0
ordersell 10925 21 1714467028312 14 20 0
sell 10925 21.35 1714467178252 14 22 -13.700000000000003
orderbuy 10925 20.35 1714468118524 14 38 0
buy 10925 20.35 1714468123496 14 38 0
ordersell 10925 21.35 1714468123497 14 38 0
sell 10925 21.85 1714468288637 14 41 -12.200000000000003
orderbuy 10900 20.7 1714468508679 14 45 0
buy 10900 20.7 1714468513610 14 45 0
ordersell 10900 21.7 1714468513612 14 45 0
sell 10900 21.7 1714468738681 14 48 -11.200000000000006
orderbuy 10875 20 1714468963196 14 52 0
buy 10875 20 1714468968171 14 52 0
ordersell 10875 21 1714468968172 14 52 0
sell 10875 23.25 1714470781214 15 23 -33.45
