orderbuy 21650 22.2 1717991260710 9 17 0
buy 21650 22.2 1717991265753 9 17 0
ordersell 21650 23.2 1717991265754 9 17 0
cancelsell 21650 23.2 1717991290752 9 18 0
ordersell 21650 14.45 1717991290753 9 18 0
sell 21650 15.45 1717991295713 9 18 -6.75
orderbuy 21750 20.35 1717991355778 9 19 0
buy 21750 20.35 1717991360721 9 19 0
ordersell 21750 21.35 1717991360721 9 19 0
cancelsell 21750 21.35 1717991441001 9 20 0
ordersell 21750 16.75 1717991441001 9 20 0
sell 21750 17.75 1717991445751 9 20 -9.350000000000001
orderbuy 21750 20.8 1717991575800 9 22 0
buy 21750 20.8 1717991580757 9 23 0
ordersell 21750 21.8 1717991580757 9 23 0
sell 21750 22.1 1717991680848 9 24 -8.05
orderbuy 21800 20.3 1717992120898 9 32 0
buy 21800 20.3 1717992125882 9 32 0
ordersell 21800 21.3 1717992125883 9 32 0
sell 21800 23.15 1717992205898 9 33 -5.200000000000003
orderbuy 22700 20.15 1717992210884 9 33 0
buy 22700 20.15 1717992215901 9 33 0
ordersell 22700 21.15 1717992215901 9 33 0
sell 22700 23.6 1717992220894 9 33 -1.75
orderbuy 22700 20.15 1717992235899 9 33 0
cancelbuy 22700 20.15 1717992240929 9 34 0
orderbuy 22700 20.15 1717992245982 9 34 0
buy 22700 20.15 1717992250932 9 34 0
ordersell 22700 21.15 1717992250933 9 34 0
sell 22700 21.55 1717992260929 9 34 -0.34999999999999787
orderbuy 21750 21.7 1717992290929 9 34 0
buy 21750 21.7 1717992295928 9 34 0
ordersell 21750 22.7 1717992295928 9 34 0
cancelsell 21750 22.7 1717992306135 9 35 0
ordersell 21750 18.35 1717992306135 9 35 0
sell 21750 19.35 1717992310927 9 35 -2.6999999999999957
orderbuy 21700 23.6 1717992355945 9 35 0
buy 21700 23.6 1717992360926 9 36 0
ordersell 21700 24.6 1717992360927 9 36 0
sell 21700 31.5 1717992471024 9 37 5.200000000000003
orderbuy 21600 20.3 1717992475927 9 37 0
buy 21600 20.3 1717992480974 9 38 0
ordersell 21600 21.3 1717992480974 9 38 0
sell 21600 25.7 1717992510973 9 38 10.600000000000001
orderbuy 21550 21.7 1717992515936 9 38 0
buy 21550 21.7 1717992520933 9 38 0
ordersell 21550 22.7 1717992520933 9 38 0
cancelsell 21550 22.7 1717992566071 9 39 0
ordersell 21550 17.65 1717992566071 9 39 0
sell 21550 18.65 1717992570975 9 39 7.550000000000001
orderbuy 21550 21.05 1717992581172 9 39 0
buy 21550 21.05 1717992586020 9 39 0
ordersell 21550 22.05 1717992586021 9 39 0
cancelsell 21550 22.05 1717992596020 9 39 0
ordersell 21550 17.65 1717992596021 9 39 0
sell 21550 18.65 1717992600970 9 40 5.149999999999999
orderbuy 21550 22.15 1717992611020 9 40 0
buy 21550 22.15 1717992615970 9 40 0
ordersell 21550 23.15 1717992615970 9 40 0
cancelsell 21550 23.15 1717992620970 9 40 0
ordersell 21550 17.65 1717992620970 9 40 0
sell 21550 18.65 1717992625969 9 40 1.6499999999999986
orderbuy 21550 22.15 1717992635969 9 40 0
buy 21550 22.15 1717992641019 9 40 0
ordersell 21550 23.15 1717992641019 9 40 0
cancelsell 21550 23.15 1717992771015 9 42 0
ordersell 21550 13.95 1717992771015 9 42 0
sell 21550 14.95 1717992776015 9 42 -5.550000000000001
orderbuy 21650 22 1717992936061 9 45 0
buy 21650 19.75 1717992941061 9 45 0
ordersell 21650 20.75 1717992941061 9 45 0
sell 21650 22 1717992966060 9 46 -3.3000000000000007
orderbuy 21600 20.65 1717993061071 9 47 0
buy 21600 20.65 1717993066057 9 47 0
ordersell 21600 21.65 1717993066058 9 47 0
sell 21600 21.95 1717993291152 9 51 -2
orderbuy 21550 21.2 1717993411112 9 53 0
buy 21550 21.2 1717993416297 9 53 0
ordersell 21550 22.2 1717993416297 9 53 0
cancelsell 21550 22.2 1717993421147 9 53 0
ordersell 21550 17.2 1717993421147 9 53 0
sell 21550 18.2 1717993426170 9 53 -5
orderbuy 21550 21.2 1717993436197 9 53 0
buy 21550 21.2 1717993441247 9 54 0
ordersell 21550 22.2 1717993441247 9 54 0
sell 21550 23.75 1717993451168 9 54 -2.4499999999999993
orderbuy 21500 20.2 1717993456146 9 54 0
buy 21500 20.2 1717993461162 9 54 0
ordersell 21500 21.2 1717993461162 9 54 0
cancelsell 21500 21.2 1717993531164 9 55 0
ordersell 21500 16.1 1717993531165 9 55 0
sell 21500 17.1 1717993536146 9 55 -5.549999999999997
orderbuy 21500 20.2 1717993546194 9 55 0
buy 21500 20.2 1717993551166 9 55 0
ordersell 21500 21.2 1717993551166 9 55 0
cancelsell 21500 21.2 1717993556260 9 55 0
ordersell 21500 13.7 1717993556260 9 55 0
sell 21500 14.7 1717993561153 9 56 -11.049999999999997
orderbuy 21550 20.4 1717993901643 10 1 0
buy 21550 20.4 1717993906234 10 1 0
ordersell 21550 21.4 1717993906234 10 1 0
sell 21550 23.2 1717993916234 10 1 -8.249999999999996
orderbuy 21500 20.8 1717993971282 10 2 0
buy 21500 20.8 1717993976232 10 2 0
ordersell 21500 21.8 1717993976233 10 2 0
cancelsell 21500 21.8 1717994001281 10 3 0
ordersell 21500 16.8 1717994001282 10 3 0
sell 21500 17.8 1717994006239 10 3 -11.249999999999996
orderbuy 22600 21.65 1717994026244 10 3 0
buy 22600 21.65 1717994031305 10 3 0
ordersell 22600 22.65 1717994031305 10 3 0
sell 22600 24.45 1717994256325 10 7 -8.449999999999992
orderbuy 22650 21.65 1717994331334 10 8 0
buy 22650 21.65 1717994336324 10 8 0
ordersell 22650 22.65 1717994336324 10 8 0
sell 22650 25 1717994476413 10 11 -5.099999999999991
orderbuy 21700 20.45 1717994546377 10 12 0
buy 21700 20.45 1717994551411 10 12 0
ordersell 21700 21.45 1717994551412 10 12 0
sell 21700 22.7 1717994831558 10 17 -2.8499999999999908
orderbuy 22650 20.35 1717994881511 10 18 0
buy 22650 20.35 1717994886457 10 18 0
ordersell 22650 21.35 1717994886458 10 18 0
sell 22650 22.15 1717995116553 10 21 -1.0499999999999936
orderbuy 21750 21 1717995241552 10 24 0
buy 21750 21 1717995246507 10 24 0
ordersell 21750 22 1717995246507 10 24 0
sell 21750 23.05 1717995326637 10 25 1.000000000000007
orderbuy 21750 20.55 1717995626663 10 30 0
buy 21750 20.55 1717995631663 10 30 0
ordersell 21750 21.55 1717995631663 10 30 0
sell 21750 23.35 1717995756714 10 32 3.800000000000008
orderbuy 22650 21.1 1717995901764 10 35 0
buy 22650 21.1 1717995906715 10 35 0
ordersell 22650 22.1 1717995906715 10 35 0
cancelsell 22650 22.1 1717995981765 10 36 0
ordersell 22650 17.95 1717995981766 10 36 0
sell 22650 18.95 1717995986717 10 36 1.6500000000000057
orderbuy 21700 21.6 1717996261903 10 41 0
buy 21700 21.6 1717996266900 10 41 0
ordersell 21700 22.6 1717996266901 10 41 0
cancelsell 21700 22.6 1717996341904 10 42 0
ordersell 21700 18.45 1717996341904 10 42 0
sell 21700 19.65 1717996347049 10 42 -0.29999999999999716
orderbuy 21700 21.3 1717996476945 10 44 0
buy 21700 21.3 1717996481945 10 44 0
ordersell 21700 22.3 1717996481945 10 44 0
sell 21700 24.8 1717996631948 10 47 3.200000000000003
orderbuy 21650 20.7 1717996636961 10 47 0
buy 21650 20.7 1717996641957 10 47 0
ordersell 21650 21.7 1717996641958 10 47 0
cancelsell 21650 21.7 1717996752000 10 49 0
ordersell 21650 17.2 1717996752001 10 49 0
sell 21650 18.2 1717996756966 10 49 0.7000000000000028
orderbuy 21700 20.2 1717997022155 10 53 0
buy 21700 20.2 1717997027055 10 53 0
ordersell 21700 21.2 1717997027055 10 53 0
