orderbuy 12350 20.4 1720756909344 9 31 0
buy 12350 20.4 1720756914344 9 31 0
ordersell 12350 21.4 1720756914344 9 31 0
cancelsell 12350 21.4 1720757104525 9 35 0
ordersell 12350 16.9 1720757104526 9 35 0
sell 12350 17.9 1720757109513 9 35 -2.5
orderbuy 12350 20 1720757314596 9 38 0
buy 12350 20 1720757319575 9 38 0
ordersell 12350 21 1720757319575 9 38 0
cancelsell 12350 21 1720757684750 9 44 0
ordersell 12350 16.85 1720757684751 9 44 0
sell 12350 17.85 1720757689744 9 44 -4.649999999999999
orderbuy 12325 20 1720758179863 9 52 0
buy 12325 20 1720758184834 9 53 0
ordersell 12325 21 1720758184835 9 53 0
sell 12325 22.55 1720758464984 9 57 -2.099999999999998
orderbuy 12350 20.75 1720760060597 10 24 0
buy 12350 20.75 1720760065569 10 24 0
ordersell 12350 21.75 1720760065570 10 24 0
cancelsell 12350 21.75 1720760540774 10 32 0
ordersell 12350 17.65 1720760540774 10 32 0
sell 12350 18.65 1720760545759 10 32 -4.199999999999999
orderbuy 12550 20.2 1720762346745 11 2 0
buy 12550 20.2 1720762351605 11 2 0
ordersell 12550 21.2 1720762351605 11 2 0
sell 12550 21.5 1720762531767 11 5 -2.8999999999999986
orderbuy 12575 21.85 1720762977074 11 12 0
buy 12575 21.85 1720762981842 11 13 0
ordersell 12575 22.85 1720762981842 11 13 0
cancelsell 12575 22.85 1720763236991 11 17 0
ordersell 12575 18.6 1720763236991 11 17 0
sell 12575 19.6 1720763241988 11 17 -5.149999999999999
orderbuy 12375 21.5 1720764302470 11 35 0
buy 12375 21.5 1720764307477 11 35 0
ordersell 12375 22.5 1720764307477 11 35 0
sell 12375 23.4 1720764347637 11 35 -3.25
orderbuy 12375 20.25 1720764627626 11 40 0
buy 12375 20.25 1720764632589 11 40 0
ordersell 12375 21.25 1720764632590 11 40 0
cancelsell 12375 21.25 1720765082814 11 48 0
ordersell 12375 17.2 1720765082817 11 48 0
sell 12375 18.2 1720765087756 11 48 -5.300000000000001
orderbuy 12550 21 1720765222811 11 50 0
buy 12550 21 1720765227830 11 50 0
ordersell 12550 22 1720765227830 11 50 0
sell 12550 24.25 1720765648083 11 57 -2.0500000000000007
orderbuy 12550 21.05 1720765738011 11 58 0
buy 12550 21.05 1720765744183 11 59 0
ordersell 12550 22.05 1720765744184 11 59 0
sell 12550 22.65 1720765808068 12 0 -0.45000000000000284
orderbuy 12375 20.25 1720767543759 12 29 0
buy 12375 20.25 1720767548767 12 29 0
ordersell 12375 21.25 1720767548768 12 29 0
cancelsell 12375 21.25 1720769954777 13 9 0
ordersell 12375 17.1 1720769954781 13 9 0
sell 12375 18.1 1720769959724 13 9 -2.6000000000000014
orderbuy 12550 20.05 1720770620041 13 20 0
buy 12550 20.05 1720770624972 13 20 0
ordersell 12550 21.05 1720770624973 13 20 0
cancelsell 12550 21.05 1720771695370 13 38 0
ordersell 12550 16.4 1720771695373 13 38 0
sell 12550 17.4 1720771700453 13 38 -5.2500000000000036
orderbuy 12400 21.75 1720776572136 14 59 0
buy 12400 21.75 1720776577252 14 59 0
ordersell 12400 22.75 1720776577252 14 59 0
sell 12400 23.05 1720776612115 15 0 -3.950000000000003
