orderbuy 20750 23.6 1713415151052 10 9 0
buy 20750 23.6 1713415155953 10 9 0
ordersell 20750 24.6 1713415155953 10 9 0
cancelsell 20750 24.6 1713415166018 10 9 0
ordersell 20750 17.85 1713415166018 10 9 0
sell 20750 18.85 1713415170929 10 9 -4.75
orderbuy 20750 23.6 1713415181428 10 9 0
buy 20750 23.6 1713415186043 10 9 0
ordersell 20750 24.6 1713415186044 10 9 0
cancelsell 20750 24.6 1713415206169 10 10 0
ordersell 20750 20.3 1713415206171 10 10 0
sell 20750 21.3 1713415211014 10 10 -7.050000000000001
orderbuy 20750 20.45 1713415261010 10 11 0
buy 20750 20.45 1713415266045 10 11 0
ordersell 20750 21.45 1713415266045 10 11 0
sell 20750 21.7 1713415336375 10 12 -5.800000000000001
orderbuy 20700 20.65 1713415711144 10 18 0
buy 20700 20.65 1713415716157 10 18 0
ordersell 20700 21.65 1713415716157 10 18 0
sell 20700 27.15 1713415986341 10 23 0.6999999999999993
orderbuy 20650 21.8 1713415991172 10 23 0
buy 20650 21.8 1713415996186 10 23 0
ordersell 20650 22.8 1713415996187 10 23 0
cancelsell 20650 22.8 1713416051276 10 24 0
ordersell 20650 16.45 1713416051278 10 24 0
sell 20650 17.45 1713416056176 10 24 -3.650000000000002
orderbuy 21500 20.3 1713416906524 10 38 0
buy 21500 20.3 1713416911451 10 38 0
ordersell 21500 21.3 1713416911452 10 38 0
cancelsell 21500 21.3 1713417416612 10 46 0
ordersell 21500 17.2 1713417416615 10 46 0
sell 21500 18.2 1713417421535 10 47 -5.7500000000000036
orderbuy 21500 20.4 1713418496995 11 4 0
buy 21500 20.4 1713418501758 11 5 0
ordersell 21500 21.4 1713418501758 11 5 0
sell 21500 25.8 1713418651862 11 7 -0.3500000000000014
orderbuy 21550 20.5 1713418811887 11 10 0
buy 21550 20.5 1713418816937 11 10 0
ordersell 21550 21.5 1713418816937 11 10 0
sell 21550 24.05 1713418871982 11 11 3.1999999999999993
orderbuy 20800 20.6 1713419342161 11 19 0
buy 20800 20.6 1713419347014 11 19 0
ordersell 20800 21.6 1713419347014 11 19 0
sell 20800 21.8 1713419542151 11 22 4.399999999999999
orderbuy 21550 20.2 1713421902711 12 1 0
buy 21550 20.2 1713421907676 12 1 0
ordersell 21550 21.2 1713421907676 12 1 0
cancelsell 21550 21.2 1713422417834 12 10 0
ordersell 21550 16.95 1713422417836 12 10 0
sell 21550 17.95 1713422422838 12 10 2.1499999999999986
orderbuy 21550 20.15 1713424258595 12 40 0
buy 21550 20.15 1713424263506 12 41 0
ordersell 21550 21.15 1713424263507 12 41 0
cancelsell 21550 21.15 1713424723385 12 48 0
ordersell 21550 17.1 1713424723388 12 48 0
sell 21550 18.1 1713424728462 12 48 0.10000000000000142
orderbuy 20800 20 1713426979149 13 26 0
buy 20800 20 1713426983981 13 26 0
ordersell 20800 21 1713426983982 13 26 0
sell 20800 33.85 1713427044099 13 27 13.950000000000003
orderbuy 20700 21 1713427049058 13 27 0
buy 20700 21 1713427054106 13 27 0
ordersell 20700 22 1713427054106 13 27 0
sell 20700 34.85 1713427139127 13 28 27.800000000000004
orderbuy 20600 21.95 1713427144091 13 29 0
buy 20600 21.95 1713427149044 13 29 0
ordersell 20600 22.95 1713427149045 13 29 0
sell 20600 27.25 1713427204398 13 30 33.10000000000001
orderbuy 20550 21.65 1713427209027 13 30 0
buy 20550 21.65 1713427214019 13 30 0
ordersell 20550 22.65 1713427214019 13 30 0
sell 20550 33.55 1713427294274 13 31 45.00000000000001
orderbuy 20450 21.3 1713427299071 13 31 0
buy 20450 21.3 1713427304128 13 31 0
ordersell 20450 22.3 1713427304128 13 31 0
cancelsell 20450 22.3 1713427444081 13 34 0
ordersell 20450 8.65 1713427444083 13 34 0
sell 20450 9.65 1713427449173 13 34 33.35000000000001
orderbuy 20550 20.8 1713427739231 13 38 0
buy 20550 20.8 1713427744152 13 39 0
ordersell 20550 21.8 1713427744152 13 39 0
sell 20550 24.05 1713427794445 13 39 36.60000000000001
orderbuy 20500 22 1713428144508 13 45 0
buy 20500 22 1713428149425 13 45 0
ordersell 20500 23 1713428149425 13 45 0
cancelsell 20500 23 1713428429671 13 50 0
ordersell 20500 17.6 1713428429673 13 50 0
sell 20500 18.6 1713428434390 13 50 33.20000000000001
orderbuy 20550 22.5 1713428964616 13 59 0
buy 20550 22.5 1713428969532 13 59 0
ordersell 20550 23.5 1713428969533 13 59 0
sell 20550 24.1 1713429114637 14 1 34.80000000000001
orderbuy 20500 20.2 1713429729735 14 12 0
buy 20500 20.2 1713429734656 14 12 0
ordersell 20500 21.2 1713429734656 14 12 0
cancelsell 20500 21.2 1713430069818 14 17 0
ordersell 20500 16.65 1713430069818 14 17 0
sell 20500 17.65 1713430074748 14 17 32.250000000000014
orderbuy 20550 20 1713430219837 14 20 0
buy 20550 20 1713430224774 14 20 0
ordersell 20550 21 1713430224774 14 20 0
sell 20550 21.3 1713430380209 14 23 33.55000000000001
orderbuy 20500 20.25 1713431095084 14 34 0
buy 20500 20.25 1713431099999 14 34 0
ordersell 20500 21.25 1713431100000 14 35 0
sell 20500 22.05 1713431135161 14 35 35.35000000000001
orderbuy 20450 20.6 1713431215124 14 36 0
buy 20450 20.6 1713431220068 14 37 0
ordersell 20450 21.6 1713431220068 14 37 0
cancelsell 20450 21.6 1713431280142 14 38 0
ordersell 20450 17.5 1713431280143 14 38 0
sell 20450 18.5 1713431285074 14 38 33.25000000000001
orderbuy 20450 21.2 1713431450192 14 40 0
buy 20450 21.2 1713431455154 14 40 0
ordersell 20450 22.2 1713431455154 14 40 0
cancelsell 20450 22.2 1713431465177 14 41 0
ordersell 20450 17.35 1713431465177 14 41 0
sell 20450 18.35 1713431470099 14 41 30.40000000000001
orderbuy 20450 21.2 1713431480304 14 41 0
buy 20450 21.2 1713431485107 14 41 0
ordersell 20450 22.2 1713431485107 14 41 0
sell 20450 23.4 1713431505335 14 41 32.60000000000001
orderbuy 20400 20.65 1713431605233 14 43 0
buy 20400 20.65 1713431610175 14 43 0
ordersell 20400 21.65 1713431610176 14 43 0
sell 20400 27.1 1713431670215 14 44 39.05000000000001
orderbuy 20350 22.6 1713431675149 14 44 0
buy 20350 22.6 1713431680270 14 44 0
ordersell 20350 23.6 1713431680270 14 44 0
sell 20350 23.9 1713431755281 14 45 40.35000000000001
orderbuy 21450 20.25 1713432030336 14 50 0
buy 21450 20.25 1713432035294 14 50 0
ordersell 21450 21.25 1713432035294 14 50 0
sell 21450 21.25 1713432105421 14 51 41.35000000000001
orderbuy 20350 20.05 1713432285538 14 54 0
buy 20350 20.05 1713432290486 14 54 0
ordersell 20350 21.05 1713432290486 14 54 0
sell 20350 22.75 1713432415459 14 56 44.05000000000001
