orderbuy 24200 21.9 1719547833241 9 40 0
buy 24200 21.9 1719547838229 9 40 0
ordersell 24200 22.9 1719547838229 9 40 0
sell 24200 25.35 1719547918068 9 41 -62.99999999999999
orderbuy 24250 20.7 1719547923288 9 42 0
buy 24250 20.7 1719547928191 9 42 0
ordersell 24250 21.7 1719547928192 9 42 0
cancelsell 24250 21.7 1719548053271 9 44 0
ordersell 24250 16.3 1719548053274 9 44 0
sell 24250 17.3 1719548058288 9 44 -66.39999999999999
orderbuy 24200 20 1719549203651 10 3 0
buy 24200 20 1719549208584 10 3 0
ordersell 24200 21 1719549208584 10 3 0
sell 24200 21.25 1719549843830 10 14 -65.14999999999999
orderbuy 24150 20 1719552609999 11 0 0
buy 24150 20 1719552614922 11 0 0
ordersell 24150 21 1719552614922 11 0 0
cancelsell 24150 21 1719553650733 11 17 0
ordersell 24150 16.45 1719553650736 11 17 0
sell 24150 17.45 1719553655400 11 17 -67.69999999999999
orderbuy 24100 21 1719554575722 11 32 0
buy 24100 21 1719554581022 11 33 0
ordersell 24100 22 1719554581022 11 33 0
sell 24100 22.05 1719554791121 11 36 -66.64999999999999
orderbuy 24100 20.2 1719555951475 11 55 0
buy 24100 20.2 1719555956256 11 55 0
ordersell 24100 21.2 1719555956256 11 55 0
cancelsell 24100 21.2 1719557101600 12 15 0
ordersell 24100 17.15 1719557101603 12 15 0
sell 24100 18.15 1719557106617 12 15 -68.69999999999999
orderbuy 23100 23.85 1719557941943 12 29 0
buy 23100 23.85 1719557946827 12 29 0
ordersell 23100 24.85 1719557946827 12 29 0
sell 23100 25.15 1719557966885 12 29 -67.39999999999998
orderbuy 23050 21.05 1719557971814 12 29 0
buy 23050 21.05 1719557976974 12 29 0
ordersell 23050 22.05 1719557976975 12 29 0
sell 23050 22.25 1719558081948 12 31 -66.19999999999997
orderbuy 23000 20.6 1719558096931 12 31 0
buy 23000 18.65 1719558102059 12 31 0
ordersell 23000 19.65 1719558102059 12 31 0
sell 23000 20.25 1719558147142 12 32 -64.59999999999997
orderbuy 23000 20.25 1719558192106 12 33 0
buy 23000 20.25 1719558196922 12 33 0
ordersell 23000 21.25 1719558196922 12 33 0
cancelsell 23000 21.25 1719558222204 12 33 0
ordersell 23000 17.15 1719558222205 12 33 0
sell 23000 18.15 1719558227021 12 33 -66.69999999999996
orderbuy 23000 20.3 1719558487133 12 38 0
buy 23000 20.3 1719558492204 12 38 0
ordersell 23000 21.3 1719558492204 12 38 0
cancelsell 23000 21.3 1719558832584 12 43 0
ordersell 23000 16.45 1719558832586 12 43 0
sell 23000 17.45 1719558837267 12 43 -69.54999999999995
orderbuy 23050 22.35 1719559097503 12 48 0
buy 23050 22.35 1719559102441 12 48 0
ordersell 23050 23.35 1719559102441 12 48 0
sell 23050 24 1719559242498 12 50 -67.89999999999995
orderbuy 23000 20.1 1719559247582 12 50 0
buy 23000 19.7 1719559257572 12 50 0
ordersell 23000 20.7 1719559257572 12 50 0
sell 23000 21.6 1719559307543 12 51 -65.99999999999994
orderbuy 24000 20.15 1719559432970 12 53 0
buy 24000 20.15 1719559437980 12 53 0
ordersell 24000 21.15 1719559437980 12 53 0
cancelsell 24000 21.15 1719560473399 13 11 0
ordersell 24000 16.85 1719560473401 13 11 0
sell 24000 17.85 1719560478072 13 11 -68.29999999999995
orderbuy 24000 21 1719560843131 13 17 0
buy 24000 21 1719560848085 13 17 0
ordersell 24000 22 1719560848086 13 17 0
cancelsell 24000 22 1719561063183 13 21 0
ordersell 24000 17.65 1719561063188 13 21 0
sell 24000 18.65 1719561068207 13 21 -70.64999999999995
orderbuy 23000 20 1719561148368 13 22 0
buy 23000 20 1719561153264 13 22 0
ordersell 23000 21 1719561153264 13 22 0
cancelsell 23000 21 1719561623368 13 30 0
ordersell 23000 16.95 1719561623371 13 30 0
sell 23000 17.95 1719561628432 13 30 -72.69999999999995
orderbuy 24000 20.4 1719561638502 13 30 0
buy 24000 20.4 1719561643452 13 30 0
ordersell 24000 21.4 1719561643453 13 30 0
sell 24000 21.95 1719562403668 13 43 -71.14999999999993
orderbuy 23100 20.9 1719562953619 13 52 0
buy 23100 20.9 1719562958750 13 52 0
ordersell 23100 21.9 1719562958751 13 52 0
cancelsell 23100 21.9 1719563634073 14 3 0
ordersell 23100 17.2 1719563634075 14 3 0
sell 23100 18.2 1719563639239 14 3 -73.84999999999992
orderbuy 23150 20 1719563854049 14 7 0
buy 23150 20 1719563859136 14 7 0
ordersell 23150 21 1719563859137 14 7 0
cancelsell 23150 21 1719564074124 14 11 0
ordersell 23150 16.05 1719564074127 14 11 0
sell 23150 17.05 1719564079226 14 11 -76.79999999999993
orderbuy 24050 21.7 1719564394452 14 16 0
buy 24050 21.7 1719564399255 14 16 0
ordersell 24050 22.7 1719564399256 14 16 0
cancelsell 24050 22.7 1719564544395 14 19 0
ordersell 24050 17.65 1719564544397 14 19 0
sell 24050 18.65 1719564549338 14 19 -79.84999999999994
orderbuy 24050 20.25 1719564574998 14 19 0
buy 24050 20.25 1719564579508 14 19 0
ordersell 24050 21.25 1719564579510 14 19 0
cancelsell 24050 21.25 1719564854509 14 24 0
ordersell 24050 17.05 1719564854511 14 24 0
sell 24050 18.05 1719564859378 14 24 -82.04999999999994
orderbuy 23100 20.3 1719565284801 14 31 0
buy 23100 20.3 1719565289605 14 31 0
ordersell 23100 21.3 1719565289605 14 31 0
sell 23100 25.6 1719565420148 14 33 -76.74999999999994
orderbuy 23050 21.25 1719565425008 14 33 0
buy 23050 21.25 1719565429610 14 33 0
ordersell 23050 22.25 1719565429611 14 33 0
cancelsell 23050 22.25 1719565639769 14 37 0
ordersell 23050 18 1719565639771 14 37 0
sell 23050 19 1719565644635 14 37 -78.99999999999994
orderbuy 23050 20.75 1719565700011 14 38 0
buy 23050 20.75 1719565704786 14 38 0
ordersell 23050 21.75 1719565704787 14 38 0
sell 23050 22.6 1719565999857 14 43 -77.14999999999995
orderbuy 23950 20.3 1719566149866 14 45 0
buy 23950 20.3 1719566155092 14 45 0
ordersell 23950 21.3 1719566155092 14 45 0
sell 23950 21.4 1719566189980 14 46 -76.04999999999995
orderbuy 23100 21.1 1719566570392 14 52 0
buy 23100 21.1 1719566575113 14 52 0
ordersell 23100 22.1 1719566575113 14 52 0
cancelsell 23100 22.1 1719566740406 14 55 0
ordersell 23100 17.35 1719566740409 14 55 0
sell 23100 18.35 1719566745296 14 55 -78.79999999999995
orderbuy 23100 20.55 1719567010297 15 0 0
buy 23100 20.55 1719567015176 15 0 0
ordersell 23100 21.55 1719567015176 15 0 0
sell 23100 21.9 1719567115253 15 1 -77.44999999999996
