orderbuy 23200 20.9 1718682907795 9 25 0
buy 23200 20.9 1718682912799 9 25 0
ordersell 23200 21.9 1718682912800 9 25 0
cancelsell 23200 21.9 1718682977794 9 26 0
ordersell 23200 16.8 1718682977794 9 26 0
sell 23200 17.8 1718682982811 9 26 -3.099999999999998
orderbuy 23800 21.3 1718684213417 9 46 0
buy 23800 21.3 1718684218154 9 46 0
ordersell 23800 22.3 1718684218154 9 46 0
cancelsell 23800 22.3 1718684303253 9 48 0
ordersell 23800 18.1 1718684303254 9 48 0
sell 23800 19.1 1718684308145 9 48 -5.299999999999997
orderbuy 23300 20.4 1718702912446 14 58 0
buy 23300 20.4 1718702917421 14 58 0
ordersell 23300 21.4 1718702917421 14 58 0
sell 23300 18.05 1718703122472 15 2 -22.349999999999998
