orderbuy 10375 22.8 1713498523213 9 18 0
buy 10375 22.8 1713498528179 9 18 0
ordersell 10375 23.8 1713498528180 9 18 0
sell 10375 36.35 1713498598160 9 19 29.600000000000012
orderbuy 10275 22.2 1713498603148 9 20 0
buy 10275 22.2 1713498608171 9 20 0
ordersell 10275 23.2 1713498608171 9 20 0
sell 10275 27.5 1713498678213 9 21 34.90000000000001
orderbuy 10225 21.4 1713498683165 9 21 0
buy 10225 21.4 1713498688189 9 21 0
ordersell 10225 22.4 1713498688189 9 21 0
sell 10225 22.85 1713498693194 9 21 36.350000000000016
orderbuy 10200 20.2 1713498698158 9 21 0
buy 10200 20.2 1713498703210 9 21 0
ordersell 10200 21.2 1713498703210 9 21 0
cancelsell 10200 21.2 1713498768252 9 22 0
ordersell 10200 13.75 1713498768252 9 22 0
sell 10200 14.75 1713498773171 9 22 30.900000000000016
orderbuy 10225 20.85 1713498788219 9 23 0
buy 10225 20.85 1713498793186 9 23 0
ordersell 10225 21.85 1713498793186 9 23 0
cancelsell 10225 21.85 1713498803203 9 23 0
ordersell 10225 16.25 1713498803204 9 23 0
sell 10225 17.25 1713498808219 9 23 27.300000000000015
orderbuy 10800 21.1 1713498838204 9 23 0
buy 10800 21.1 1713498843227 9 24 0
ordersell 10800 22.1 1713498843227 9 24 0
sell 10800 22.5 1713498873209 9 24 28.700000000000014
orderbuy 10825 20.85 1713498928233 9 25 0
buy 10825 20.85 1713498933222 9 25 0
ordersell 10825 21.85 1713498933222 9 25 0
cancelsell 10825 21.85 1713499123291 9 28 0
ordersell 10825 17.65 1713499123291 9 28 0
sell 10825 18.65 1713499128288 9 28 26.50000000000001
orderbuy 10275 20 1713499248325 9 30 0
buy 10275 20 1713499253415 9 30 0
ordersell 10275 21 1713499253415 9 30 0
sell 10275 22.1 1713499333328 9 32 28.600000000000012
orderbuy 10800 20.1 1713499383396 9 33 0
buy 10800 20.1 1713499388371 9 33 0
ordersell 10800 21.1 1713499388371 9 33 0
sell 10800 22.95 1713499473406 9 34 31.45000000000001
orderbuy 10250 20.5 1713499698434 9 38 0
buy 10250 20.5 1713499703519 9 38 0
ordersell 10250 21.5 1713499703520 9 38 0
cancelsell 10250 21.5 1713499788472 9 39 0
ordersell 10250 16.95 1713499788473 9 39 0
sell 10250 17.95 1713499793469 9 39 28.90000000000001
orderbuy 10250 20.25 1713500088526 9 44 0
buy 10250 20.25 1713500098596 9 44 0
ordersell 10250 21.25 1713500098596 9 44 0
cancelsell 10250 21.25 1713500298883 9 48 0
ordersell 10250 15.7 1713500298885 9 48 0
sell 10250 16.7 1713500303596 9 48 25.35000000000001
orderbuy 10300 20.4 1713500413653 9 50 0
buy 10300 20.4 1713500418704 9 50 0
ordersell 10300 21.4 1713500418704 9 50 0
sell 10300 21.4 1713500473641 9 51 26.35000000000001
orderbuy 10275 20.1 1713500638750 9 53 0
buy 10275 20.1 1713500643718 9 54 0
ordersell 10275 21.1 1713500643718 9 54 0
sell 10275 22 1713500748690 9 55 28.250000000000007
orderbuy 10800 20 1713500848743 9 57 0
buy 10800 20 1713500853766 9 57 0
ordersell 10800 21 1713500853766 9 57 0
sell 10800 21.1 1713501363923 10 6 29.35000000000001
orderbuy 10800 21.15 1713501563994 10 9 0
buy 10800 21.15 1713501568902 10 9 0
ordersell 10800 22.15 1713501568902 10 9 0
cancelsell 10800 22.15 1713501788956 10 13 0
ordersell 10800 17.85 1713501788958 10 13 0
sell 10800 18.85 1713501794127 10 13 27.05000000000001
orderbuy 10800 20 1713501924018 10 15 0
buy 10800 20 1713501928992 10 15 0
ordersell 10800 21 1713501928992 10 15 0
sell 10800 21.05 1713502094047 10 18 28.100000000000012
orderbuy 10325 20 1713502144051 10 19 0
buy 10325 20 1713502149071 10 19 0
ordersell 10325 21 1713502149071 10 19 0
sell 10325 21 1713502159185 10 19 29.100000000000012
orderbuy 10800 20.5 1713502174063 10 19 0
buy 10800 20.5 1713502179078 10 19 0
ordersell 10800 21.5 1713502179078 10 19 0
cancelsell 10800 21.5 1713502724245 10 28 0
ordersell 10800 17.45 1713502724247 10 28 0
sell 10800 18.45 1713502729200 10 28 27.05000000000001
orderbuy 10325 21.15 1713503399391 10 39 0
buy 10325 21.15 1713503404432 10 40 0
ordersell 10325 22.15 1713503404432 10 40 0
sell 10325 22.8 1713503849555 10 47 28.700000000000014
orderbuy 10300 20.15 1713503854520 10 47 0
buy 10300 20.15 1713503859593 10 47 0
ordersell 10300 21.15 1713503859594 10 47 0
sell 10300 21.25 1713504044609 10 50 29.800000000000015
orderbuy 10275 21.05 1713504114674 10 51 0
buy 10275 21.05 1713504119791 10 51 0
ordersell 10275 22.05 1713504119791 10 51 0
cancelsell 10275 22.05 1713504354701 10 55 0
ordersell 10275 16.15 1713504354703 10 55 0
sell 10275 17.15 1713504359654 10 55 25.900000000000013
orderbuy 10300 20.65 1713504404675 10 56 0
buy 10300 20.65 1713504409698 10 56 0
ordersell 10300 21.65 1713504409699 10 56 0
cancelsell 10300 21.65 1713505990099 11 23 0
ordersell 10300 17.4 1713505990101 11 23 0
sell 10300 18.4 1713505995111 11 23 23.650000000000013
orderbuy 10775 20.05 1713506245236 11 27 0
buy 10775 20.05 1713506250140 11 27 0
ordersell 10775 21.05 1713506250140 11 27 0
sell 10775 21.3 1713506420172 11 30 24.900000000000013
orderbuy 10350 20.15 1713506520507 11 32 0
buy 10350 20.15 1713506525192 11 32 0
ordersell 10350 21.15 1713506525192 11 32 0
sell 10350 21.2 1713506785267 11 36 25.950000000000014
orderbuy 10775 20.9 1713506905280 11 38 0
buy 10775 20.9 1713506910347 11 38 0
ordersell 10775 21.9 1713506910347 11 38 0
sell 10775 22 1713507005331 11 40 27.050000000000015
orderbuy 10350 20.15 1713508570710 12 6 0
buy 10350 20.15 1713508575756 12 6 0
ordersell 10350 21.15 1713508575756 12 6 0
cancelsell 10350 21.15 1713509415945 12 20 0
ordersell 10350 16.2 1713509415948 12 20 0
sell 10350 17.2 1713509420902 12 20 24.100000000000016
orderbuy 10375 20.3 1713509490948 12 21 0
buy 10375 20.3 1713509495998 12 21 0
ordersell 10375 21.3 1713509495998 12 21 0
cancelsell 10375 21.3 1713509641012 12 24 0
ordersell 10375 16.7 1713509641012 12 24 0
sell 10375 17.7 1713509646002 12 24 21.500000000000014
orderbuy 10400 20.5 1713509971065 12 29 0
buy 10400 20.5 1713509976131 12 29 0
ordersell 10400 21.5 1713509976131 12 29 0
sell 10400 22.25 1713510276123 12 34 23.250000000000014
orderbuy 10800 20.45 1713510461176 12 37 0
buy 10800 20.45 1713510466226 12 37 0
ordersell 10800 21.45 1713510466226 12 37 0
sell 10800 21.45 1713510541184 12 39 24.250000000000014
orderbuy 10825 20.65 1713510871283 12 44 0
buy 10825 20.65 1713510876241 12 44 0
ordersell 10825 21.65 1713510876241 12 44 0
cancelsell 10825 21.65 1713511086359 12 48 0
ordersell 10825 17.55 1713511086361 12 48 0
sell 10825 18.55 1713511091296 12 48 22.150000000000016
orderbuy 10825 21 1713511191394 12 49 0
buy 10825 21 1713511196342 12 49 0
ordersell 10825 22 1713511196342 12 49 0
sell 10825 22.2 1713511326451 12 52 23.350000000000016
orderbuy 10425 20.55 1713512011553 13 3 0
buy 10425 20.55 1713512021601 13 3 0
ordersell 10425 21.55 1713512021601 13 3 0
sell 10425 21.55 1713512341687 13 9 24.350000000000016
orderbuy 10825 20.5 1713512521739 13 12 0
buy 10825 20.5 1713512526811 13 12 0
ordersell 10825 21.5 1713512526811 13 12 0
sell 10825 22.25 1713512711893 13 15 26.100000000000016
orderbuy 10425 20.9 1713512786821 13 16 0
buy 10425 20.9 1713512791898 13 16 0
ordersell 10425 21.9 1713512791898 13 16 0
sell 10425 22.1 1713512936831 13 18 27.30000000000002
orderbuy 10400 20.5 1713513016982 13 20 0
buy 10400 20.5 1713513021845 13 20 0
ordersell 10400 21.5 1713513021846 13 20 0
sell 10400 21.55 1713513086995 13 21 28.35000000000002
orderbuy 10825 20.45 1713513306993 13 25 0
buy 10825 20.45 1713513317049 13 25 0
ordersell 10825 21.45 1713513317049 13 25 0
cancelsell 10825 21.45 1713513927112 13 35 0
ordersell 10825 16.9 1713513927114 13 35 0
sell 10825 17.9 1713513932112 13 35 25.80000000000002
orderbuy 10400 20 1713514147142 13 39 0
buy 10400 20 1713514152168 13 39 0
ordersell 10400 21 1713514152168 13 39 0
cancelsell 10400 21 1713514702351 13 48 0
ordersell 10400 16.85 1713514702352 13 48 0
sell 10400 17.85 1713514707359 13 48 23.65000000000002
orderbuy 10825 20.6 1713514847357 13 50 0
buy 10825 20.6 1713514852457 13 50 0
ordersell 10825 21.6 1713514852458 13 50 0
sell 10825 22 1713514937418 13 52 25.05000000000002
orderbuy 10850 20.1 1713515312545 13 58 0
buy 10850 20.1 1713515317447 13 58 0
ordersell 10850 21.1 1713515317447 13 58 0
sell 10850 22.4 1713515492498 14 1 27.350000000000016
orderbuy 10475 20 1713516177666 14 12 0
buy 10475 20 1713516182739 14 13 0
ordersell 10475 21 1713516182739 14 13 0
sell 10475 21.2 1713516212671 14 13 28.550000000000015
orderbuy 10850 20.25 1713516442798 14 17 0
buy 10850 20.25 1713516447747 14 17 0
ordersell 10850 21.25 1713516447747 14 17 0
cancelsell 10850 21.25 1713516522771 14 18 0
ordersell 10850 16.95 1713516522771 14 18 0
sell 10850 17.95 1713516527786 14 18 26.250000000000014
orderbuy 10450 20.4 1713516822865 14 23 0
buy 10450 20.4 1713516827864 14 23 0
ordersell 10450 21.4 1713516827865 14 23 0
cancelsell 10450 21.4 1713517343029 14 32 0
ordersell 10450 16.65 1713517343034 14 32 0
sell 10450 17.65 1713517347950 14 32 23.500000000000014
orderbuy 10475 20.05 1713517618034 14 36 0
buy 10475 20.05 1713517623135 14 37 0
ordersell 10475 21.05 1713517623135 14 37 0
sell 10475 21.5 1713517673088 14 37 24.950000000000014
orderbuy 10450 20.7 1713518098180 14 44 0
buy 10450 20.7 1713518103239 14 45 0
ordersell 10450 21.7 1713518103239 14 45 0
sell 10450 23 1713518128221 14 45 27.250000000000014
orderbuy 10800 20 1713518558514 14 52 0
buy 10800 20 1713518563335 14 52 0
ordersell 10800 21 1713518563336 14 52 0
cancelsell 10800 21 1713518763423 14 56 0
ordersell 10800 15.75 1713518763425 14 56 0
sell 10800 16.75 1713518768437 14 56 24.000000000000014
orderbuy 10425 20.5 1713518813495 14 56 0
buy 10425 20.5 1713518818411 14 56 0
ordersell 10425 21.5 1713518818411 14 56 0
cancelsell 10425 21.5 1713518993475 14 59 0
ordersell 10425 16.35 1713518993476 14 59 0
sell 10425 17.35 1713518998463 14 59 20.850000000000016
