orderbuy 51800 20 1721101766129 9 19 0
orderbuy 51800 20.6 1721102022470 9 23 0
orderbuy 53300 20 1721102081295 9 24 0
orderbuy 51800 23.55 1721102236312 9 27 0
orderbuy 53200 20.4 1721102366392 9 29 0
orderbuy 53200 20.4 1721102371324 9 29 0
orderbuy 53200 20.4 1721102376288 9 29 0
orderbuy 51800 23 1721102966554 9 39 0
orderbuy 51800 20.6 1721103456684 9 47 0
orderbuy 51800 24 1721103791822 9 53 0
orderbuy 53000 20.1 1721104171767 9 59 0
orderbuy 53000 20.5 1721104446952 10 4 0
orderbuy 53000 20.05 1721104771966 10 9 0
orderbuy 51900 20 1721104872325 10 11 0
orderbuy 52900 22.5 1721106357317 10 35 0
orderbuy 52100 20.7 1721108527892 11 12 0
orderbuy 52200 21.35 1721116610266 13 26 0
