orderbuy 22550 24.8 1713757743757 9 19 0
buy 22550 24.8 1713757748719 9 19 0
ordersell 22550 25.8 1713757748719 9 19 0
sell 22550 26.7 1713758033754 9 23 1.8999999999999986
orderbuy 21750 20.55 1713758083855 9 24 0
buy 21750 20.55 1713758088781 9 24 0
ordersell 21750 21.55 1713758088781 9 24 0
sell 21750 21.55 1713758173841 9 26 2.8999999999999986
orderbuy 21750 20.85 1713758348899 9 29 0
buy 21750 20.85 1713758353862 9 29 0
ordersell 21750 21.85 1713758353863 9 29 0
sell 21750 22.25 1713758563933 9 32 4.299999999999997
orderbuy 21750 20.2 1713758749042 9 35 0
buy 21750 20.2 1713758753956 9 35 0
ordersell 21750 21.2 1713758753956 9 35 0
sell 21750 21.3 1713758834052 9 37 5.399999999999999
orderbuy 21700 20.1 1713759279100 9 44 0
buy 21700 20.1 1713759284074 9 44 0
ordersell 21700 21.1 1713759284075 9 44 0
sell 21700 21.35 1713759484170 9 48 6.649999999999999
orderbuy 21700 20.95 1713759794233 9 53 0
buy 21700 20.95 1713759799260 9 53 0
ordersell 21700 21.95 1713759799260 9 53 0
cancelsell 21700 21.95 1713760259702 10 0 0
ordersell 21700 17.85 1713760259709 10 0 0
sell 21700 18.85 1713760264380 10 1 4.550000000000001
orderbuy 21750 20.1 1713761309634 10 18 0
buy 21750 20.1 1713761314696 10 18 0
ordersell 21750 21.1 1713761314696 10 18 0
sell 21750 21.15 1713761854779 10 27 5.599999999999998
