orderbuy 10500 21.5 1715139977843 9 16 0
buy 10500 21.5 1715139983090 9 16 0
ordersell 10500 22.5 1715139983091 9 16 0
sell 10500 30.65 1715140122868 9 18 25.950000000000006
orderbuy 10450 23.2 1715140127889 9 18 0
buy 10450 23.2 1715140132867 9 18 0
ordersell 10450 24.2 1715140132868 9 18 0
cancelsell 10450 24.2 1715140182891 9 19 0
ordersell 10450 17.8 1715140182891 9 19 0
sell 10450 18.8 1715140187932 9 19 21.550000000000008
orderbuy 11050 21.85 1715140457966 9 24 0
buy 11050 21.85 1715140462976 9 24 0
ordersell 11050 22.85 1715140462977 9 24 0
sell 11050 23.6 1715140493095 9 24 23.300000000000008
orderbuy 11075 22.75 1715140587983 9 26 0
buy 11075 22.75 1715140593023 9 26 0
ordersell 11075 23.75 1715140593024 9 26 0
cancelsell 11075 23.75 1715140818065 9 30 0
ordersell 11075 18.95 1715140818065 9 30 0
sell 11075 19.95 1715140823033 9 30 20.500000000000007
orderbuy 10500 20.2 1715140853203 9 30 0
buy 10500 20.2 1715140858083 9 30 0
ordersell 10500 21.2 1715140858083 9 30 0
sell 10500 21.85 1715140953139 9 32 22.15000000000001
orderbuy 11075 20.05 1715141083127 9 34 0
buy 11075 20.05 1715141088078 9 34 0
ordersell 11075 21.05 1715141088079 9 34 0
cancelsell 11075 21.05 1715141293395 9 38 0
ordersell 11075 16.75 1715141293396 9 38 0
sell 11075 17.75 1715141298119 9 38 19.85000000000001
orderbuy 10525 20.85 1715142263543 9 54 0
buy 10525 20.85 1715142268280 9 54 0
ordersell 10525 21.85 1715142268281 9 54 0
cancelsell 10525 21.85 1715142438353 9 57 0
ordersell 10525 17.65 1715142438355 9 57 0
sell 10525 18.65 1715142443310 9 57 17.650000000000006
orderbuy 10550 20.05 1715142803510 10 3 0
buy 10550 20.05 1715142808454 10 3 0
ordersell 10550 21.05 1715142808455 10 3 0
cancelsell 10550 21.05 1715143368547 10 12 0
ordersell 10550 16.35 1715143368549 10 12 0
sell 10550 17.35 1715143373585 10 12 14.950000000000006
orderbuy 10575 20.5 1715143433590 10 13 0
buy 10575 20.5 1715143438640 10 13 0
ordersell 10575 21.5 1715143438640 10 13 0
sell 10575 21.8 1715143718758 10 18 16.250000000000007
orderbuy 10525 20.4 1715143969824 10 22 0
buy 10525 20.4 1715143974804 10 22 0
ordersell 10525 21.4 1715143974804 10 22 0
sell 10525 21.5 1715144425215 10 30 17.35000000000001
orderbuy 10500 20.9 1715144565204 10 32 0
buy 10500 18.1 1715144600251 10 33 0
ordersell 10500 19.1 1715144600251 10 33 0
sell 10500 22 1715144625352 10 33 21.250000000000007
orderbuy 10500 20.1 1715145030585 10 40 0
buy 10500 20.1 1715145039544 10 40 0
ordersell 10500 21.1 1715145039544 10 40 0
