orderbuy 21500 20.25 1714967559542 9 22 0
buy 21500 20.25 1714967564464 9 22 0
ordersell 21500 21.25 1714967564464 9 22 0
cancelsell 21500 21.25 1714967769442 9 26 0
ordersell 21500 13.85 1714967769445 9 26 0
sell 21500 14.85 1714967774848 9 26 22.450000000000017
orderbuy 22200 21 1714967819454 9 26 0
buy 22200 21 1714967824580 9 27 0
ordersell 22200 22 1714967824581 9 27 0
cancelsell 22200 22 1714968189615 9 33 0
ordersell 22200 16.35 1714968189617 9 33 0
sell 22200 17.35 1714968194587 9 33 18.80000000000002
orderbuy 21550 24.3 1714968679810 9 41 0
buy 21550 24.3 1714968684682 9 41 0
ordersell 21550 25.3 1714968684682 9 41 0
sell 21550 27.25 1714968819747 9 43 21.750000000000018
orderbuy 21500 20.6 1714968824706 9 43 0
buy 21500 20.6 1714968829746 9 43 0
ordersell 21500 21.6 1714968829747 9 43 0
sell 21500 23.9 1714968849797 9 44 25.050000000000015
orderbuy 22150 23.05 1714971555449 10 29 0
buy 22150 23.05 1714971560379 10 29 0
ordersell 22150 24.05 1714971560379 10 29 0
sell 22150 24.9 1714971641043 10 30 26.900000000000013
orderbuy 21600 20.8 1714971785549 10 33 0
buy 21600 20.8 1714971790513 10 33 0
ordersell 21600 21.8 1714971790513 10 33 0
cancelsell 21600 21.8 1714972245818 10 40 0
ordersell 21600 17.6 1714972245821 10 40 0
sell 21600 18.6 1714972250516 10 40 24.700000000000014
orderbuy 21600 20.15 1714972730764 10 48 0
buy 21600 20.15 1714972735741 10 48 0
ordersell 21600 21.15 1714972735742 10 48 0
cancelsell 21600 21.15 1714973140810 10 55 0
ordersell 21600 16.25 1714973140812 10 55 0
sell 21600 17.25 1714973145799 10 55 21.800000000000015
orderbuy 21600 20.8 1714974336131 11 15 0
buy 21600 20.8 1714974341112 11 15 0
ordersell 21600 21.8 1714974341112 11 15 0
cancelsell 21600 21.8 1714974566159 11 19 0
ordersell 21600 16.7 1714974566161 11 19 0
sell 21600 17.7 1714974571184 11 19 18.700000000000014
orderbuy 21600 20 1714976586948 11 53 0
buy 21600 20 1714976591574 11 53 0
ordersell 21600 21 1714976591574 11 53 0
cancelsell 21600 21 1714976981676 11 59 0
ordersell 21600 14.75 1714976981677 11 59 0
sell 21600 15.75 1714976986719 11 59 14.450000000000014
orderbuy 21600 24.5 1714978667263 12 27 0
buy 21600 24.5 1714978672180 12 27 0
ordersell 21600 25.5 1714978672180 12 27 0
cancelsell 21600 25.5 1714978737243 12 28 0
ordersell 21600 20.05 1714978737243 12 28 0
sell 21600 21.05 1714978742223 12 29 11.000000000000014
orderbuy 21600 21.05 1714978747212 12 29 0
buy 21600 21.05 1714978752229 12 29 0
ordersell 21600 22.05 1714978752229 12 29 0
sell 21600 25.4 1714978817245 12 30 15.350000000000012
orderbuy 21600 21.3 1714979032288 12 33 0
buy 21600 21.3 1714979037310 12 33 0
ordersell 21600 22.3 1714979037310 12 33 0
sell 21600 23.7 1714979117355 12 35 17.75000000000001
orderbuy 21550 22.45 1714980207717 12 53 0
buy 21550 22.45 1714980212571 12 53 0
ordersell 21550 23.45 1714980212571 12 53 0
cancelsell 21550 23.45 1714980507678 12 58 0
ordersell 21550 16 1714980507678 12 58 0
sell 21550 17 1714980512656 12 58 12.300000000000011
orderbuy 21550 21.35 1714981522930 13 15 0
buy 21550 21.35 1714981527984 13 15 0
ordersell 21550 22.35 1714981527984 13 15 0
cancelsell 21550 22.35 1714981672968 13 17 0
ordersell 21550 17.7 1714981672970 13 17 0
sell 21550 18.7 1714981677983 13 17 9.65000000000001
orderbuy 21550 20.25 1714982163074 13 26 0
buy 21550 20.25 1714982168081 13 26 0
ordersell 21550 21.25 1714982168081 13 26 0
cancelsell 21550 21.25 1714982928488 13 38 0
ordersell 21550 15.25 1714982928491 13 38 0
sell 21550 16.25 1714982933427 13 38 5.650000000000009
orderbuy 21600 21.3 1714983258561 13 44 0
buy 21600 21.3 1714983263522 13 44 0
ordersell 21600 22.3 1714983263522 13 44 0
sell 21600 22.4 1714983288555 13 44 6.750000000000007
orderbuy 21550 23.5 1714986339318 14 35 0
buy 21550 23.5 1714986344293 14 35 0
ordersell 21550 24.5 1714986344293 14 35 0
sell 21550 25.1 1714986359319 14 35 8.350000000000009
orderbuy 21950 20 1714987004446 14 46 0
buy 21950 20 1714987009487 14 46 0
ordersell 21950 21 1714987009488 14 46 0
sell 21950 29.4 1714987114515 14 48 17.750000000000007
orderbuy 22000 21.45 1714987194493 14 49 0
buy 22000 21.45 1714987199520 14 49 0
ordersell 22000 22.45 1714987199520 14 49 0
cancelsell 22000 22.45 1714987274560 14 51 0
ordersell 22000 17.4 1714987274560 14 51 0
sell 22000 18.4 1714987279581 14 51 14.700000000000006
orderbuy 21600 20.15 1714987324547 14 52 0
buy 21600 20.15 1714987329516 14 52 0
ordersell 21600 21.15 1714987329516 14 52 0
sell 21600 21.45 1714987449574 14 54 16.000000000000007
