orderbuy 11975 20.35 1719460375784 9 22 0
buy 11975 20.35 1719460380800 9 23 0
ordersell 11975 21.35 1719460380801 9 23 0
cancelsell 11975 21.35 1719460525914 9 25 0
ordersell 11975 17.25 1719460525917 9 25 0
sell 11975 18.25 1719460531206 9 25 -31.449999999999996
orderbuy 12000 20.55 1719461245982 9 37 0
buy 12000 20.55 1719461250933 9 37 0
ordersell 12000 21.55 1719461250934 9 37 0
cancelsell 12000 21.55 1719461371088 9 39 0
ordersell 12000 17.45 1719461371090 9 39 0
sell 12000 18.45 1719461376180 9 39 -33.55
orderbuy 12025 20.55 1719461461027 9 41 0
buy 12025 20.55 1719461466045 9 41 0
ordersell 12025 21.55 1719461466045 9 41 0
cancelsell 12025 21.55 1719461801102 9 46 0
ordersell 12025 17.25 1719461801104 9 46 0
sell 12025 18.25 1719461806115 9 46 -35.849999999999994
orderbuy 12050 20.55 1719462276414 9 54 0
buy 12050 20.55 1719462281244 9 54 0
ordersell 12050 21.55 1719462281244 9 54 0
cancelsell 12050 21.55 1719462541367 9 59 0
ordersell 12050 16.9 1719462541369 9 59 0
sell 12050 17.9 1719462546327 9 59 -38.49999999999999
orderbuy 12100 20.25 1719462941458 10 5 0
buy 12100 20.25 1719462946656 10 5 0
ordersell 12100 21.25 1719462946656 10 5 0
sell 12100 22 1719463126575 10 8 -36.74999999999999
orderbuy 12075 20.2 1719463486677 10 14 0
buy 12075 20.2 1719463491806 10 14 0
ordersell 12075 21.2 1719463491807 10 14 0
sell 12075 21.35 1719464597037 10 33 -35.59999999999999
orderbuy 12050 20 1719464642748 10 34 0
buy 12050 20 1719464647250 10 34 0
ordersell 12050 21 1719464647250 10 34 0
sell 12050 23.45 1719464687283 10 34 -32.14999999999999
orderbuy 12025 20 1719464787157 10 36 0
buy 12025 20 1719464802299 10 36 0
ordersell 12025 21 1719464802300 10 36 0
sell 12025 21.65 1719464912225 10 38 -30.499999999999993
orderbuy 11975 21.2 1719465342369 10 45 0
buy 11975 21.2 1719465347460 10 45 0
ordersell 11975 22.2 1719465347460 10 45 0
sell 11975 23.05 1719465382492 10 46 -28.649999999999988
orderbuy 11950 22.35 1719465387285 10 46 0
buy 11950 22.35 1719465392376 10 46 0
ordersell 11950 23.35 1719465392377 10 46 0
sell 11950 24.55 1719465407898 10 46 -26.449999999999985
orderbuy 11925 21.3 1719465412452 10 46 0
buy 11925 21.3 1719465417572 10 46 0
ordersell 11925 22.3 1719465417572 10 46 0
cancelsell 11925 22.3 1719465527348 10 48 0
ordersell 11925 17.95 1719465527350 10 48 0
sell 11925 18.95 1719465532463 10 48 -28.799999999999986
orderbuy 12000 20.7 1719465872461 10 54 0
buy 12000 20.7 1719465877679 10 54 0
ordersell 12000 21.7 1719465877680 10 54 0
sell 12000 22.6 1719465977471 10 56 -26.899999999999984
orderbuy 12000 20 1719466097527 10 58 0
buy 12000 20 1719466102539 10 58 0
ordersell 12000 21 1719466102539 10 58 0
cancelsell 12000 21 1719466282650 11 1 0
ordersell 12000 16.65 1719466282653 11 1 0
sell 12000 17.65 1719466287620 11 1 -29.249999999999986
orderbuy 12025 20.3 1719466432851 11 3 0
buy 12025 20.3 1719466437924 11 3 0
ordersell 12025 21.3 1719466437924 11 3 0
sell 12025 22.1 1719466562752 11 6 -27.44999999999998
orderbuy 12000 20.65 1719466803007 11 10 0
buy 12000 20.65 1719466807893 11 10 0
ordersell 12000 21.65 1719466807895 11 10 0
cancelsell 12000 21.65 1719467047990 11 14 0
ordersell 12000 16.55 1719467047995 11 14 0
sell 12000 17.55 1719467053371 11 14 -30.54999999999998
orderbuy 12025 20.25 1719467473955 11 21 0
buy 12025 20.25 1719467478065 11 21 0
ordersell 12025 21.25 1719467478065 11 21 0
cancelsell 12025 21.25 1719468188554 11 33 0
ordersell 12025 15.7 1719468188557 11 33 0
sell 12025 16.7 1719468193577 11 33 -34.09999999999998
orderbuy 12050 20 1719468228390 11 33 0
buy 12050 20 1719468233515 11 33 0
ordersell 12050 21 1719468233516 11 33 0
sell 12050 22 1719468378424 11 36 -32.09999999999998
orderbuy 12025 20.3 1719468643528 11 40 0
buy 12025 20.3 1719468648451 11 40 0
ordersell 12025 21.3 1719468648451 11 40 0
cancelsell 12025 21.3 1719468858761 11 44 0
ordersell 12025 17.2 1719468858762 11 44 0
sell 12025 18.2 1719468863557 11 44 -34.199999999999974
orderbuy 12075 20.85 1719470189178 12 6 0
buy 12075 20.85 1719470194159 12 6 0
ordersell 12075 21.85 1719470194162 12 6 0
sell 12075 22.3 1719470464297 12 11 -32.74999999999997
orderbuy 12050 20.55 1719470895035 12 18 0
buy 12050 20.55 1719470899388 12 18 0
ordersell 12050 21.55 1719470899388 12 18 0
sell 12050 21.7 1719470989485 12 19 -31.59999999999997
orderbuy 12025 20.05 1719471194888 12 23 0
buy 12025 20.05 1719471199434 12 23 0
ordersell 12025 21.05 1719471199435 12 23 0
sell 12025 21.25 1719471394586 12 26 -30.39999999999997
orderbuy 12025 21.25 1719471424695 12 27 0
buy 12025 21.25 1719471429552 12 27 0
ordersell 12025 22.25 1719471429553 12 27 0
sell 12025 22.55 1719472114968 12 38 -29.09999999999997
orderbuy 12000 20.15 1719472229862 12 40 0
buy 12000 20.15 1719472234845 12 40 0
ordersell 12000 21.15 1719472234847 12 40 0
cancelsell 12000 21.15 1719472860243 12 51 0
ordersell 12000 16.65 1719472860245 12 51 0
sell 12000 17.65 1719472865064 12 51 -31.599999999999973
orderbuy 12025 20.05 1719473100143 12 55 0
buy 12025 20.05 1719473105157 12 55 0
ordersell 12025 21.05 1719473105157 12 55 0
sell 12025 21.4 1719473135395 12 55 -30.24999999999998
orderbuy 12000 23.1 1719473435585 13 0 0
buy 12000 23.1 1719473440250 13 0 0
ordersell 12000 24.1 1719473440252 13 0 0
cancelsell 12000 24.1 1719473450261 13 0 0
ordersell 12000 18.6 1719473450261 13 0 0
sell 12000 19.6 1719473455296 13 0 -33.74999999999998
orderbuy 11975 20.75 1719473570667 13 2 0
buy 11975 20.75 1719473576002 13 2 0
ordersell 11975 21.75 1719473576002 13 2 0
cancelsell 11975 21.75 1719473990411 13 9 0
ordersell 11975 17.4 1719473990413 13 9 0
sell 11975 18.4 1719473995366 13 9 -36.09999999999998
orderbuy 11975 20.3 1719474316042 13 15 0
buy 11975 20.3 1719474320477 13 15 0
ordersell 11975 21.3 1719474320478 13 15 0
cancelsell 11975 21.3 1719474750961 13 22 0
ordersell 11975 16.4 1719474750963 13 22 0
sell 11975 17.4 1719474755695 13 22 -38.99999999999998
orderbuy 11975 20.2 1719475350752 13 32 0
buy 11975 20.2 1719475355994 13 32 0
ordersell 11975 21.2 1719475355994 13 32 0
sell 11975 22.1 1719475391112 13 33 -37.09999999999997
orderbuy 11975 22.7 1719475771169 13 39 0
buy 11975 22.7 1719475776024 13 39 0
ordersell 11975 23.7 1719475776026 13 39 0
cancelsell 11975 23.7 1719475876722 13 41 0
ordersell 11975 19 1719475876727 13 41 0
sell 11975 20 1719475880986 13 41 -39.79999999999997
orderbuy 11975 20.05 1719475986164 13 43 0
buy 11975 20.05 1719475991044 13 43 0
ordersell 11975 21.05 1719475991045 13 43 0
sell 11975 21.3 1719476476276 13 51 -38.54999999999997
orderbuy 11975 20.55 1719476741492 13 55 0
buy 11975 20.55 1719476746301 13 55 0
ordersell 11975 21.55 1719476746301 13 55 0
cancelsell 11975 21.55 1719476871627 13 57 0
ordersell 11975 17 1719476871629 13 57 0
sell 11975 18 1719476876353 13 57 -41.099999999999966
orderbuy 11925 22.55 1719477381614 14 6 0
buy 11925 22.55 1719477386808 14 6 0
ordersell 11925 23.55 1719477386808 14 6 0
sell 11925 24.7 1719477476670 14 7 -38.94999999999996
orderbuy 11900 20.9 1719477481528 14 8 0
buy 11900 20.9 1719477486535 14 8 0
ordersell 11900 21.9 1719477486536 14 8 0
sell 11900 22.3 1719477551763 14 9 -37.549999999999955
orderbuy 11875 21.75 1719477666857 14 11 0
buy 11875 21.75 1719477671635 14 11 0
ordersell 11875 22.75 1719477671635 14 11 0
cancelsell 11875 22.75 1719477831636 14 13 0
ordersell 11875 13.55 1719477831636 14 13 0
sell 11875 14.55 1719477836772 14 13 -44.74999999999996
orderbuy 11925 21.6 1719477846668 14 14 0
buy 11925 21.6 1719477851764 14 14 0
ordersell 11925 22.6 1719477851766 14 14 0
cancelsell 11925 22.6 1719477901890 14 15 0
ordersell 11925 15.3 1719477901891 14 15 0
sell 11925 16.3 1719477906709 14 15 -50.04999999999997
orderbuy 11950 20.3 1719478041795 14 17 0
buy 11950 20.3 1719478046757 14 17 0
ordersell 11950 21.3 1719478046757 14 17 0
sell 11950 23.75 1719478762293 14 29 -46.599999999999966
orderbuy 11925 21.6 1719478767139 14 29 0
buy 11925 21.6 1719478772340 14 29 0
ordersell 11925 22.6 1719478772340 14 29 0
cancelsell 11925 22.6 1719478832437 14 30 0
ordersell 11925 18.5 1719478832440 14 30 0
sell 11925 19.5 1719478837139 14 30 -48.69999999999996
orderbuy 11925 20.2 1719478922150 14 32 0
buy 11925 20.2 1719478927234 14 32 0
ordersell 11925 21.2 1719478927234 14 32 0
cancelsell 11925 21.2 1719479277306 14 37 0
ordersell 11925 16.05 1719479277308 14 37 0
sell 11925 17.05 1719479282260 14 38 -51.849999999999966
orderbuy 11975 20.45 1719479622450 14 43 0
buy 11975 20.45 1719479627583 14 43 0
ordersell 11975 21.45 1719479627583 14 43 0
cancelsell 11975 21.45 1719479777463 14 46 0
ordersell 11975 17.25 1719479777466 14 46 0
sell 11975 18.25 1719479782359 14 46 -54.04999999999997
orderbuy 12025 20.8 1719480142656 14 52 0
buy 12025 20.8 1719480147550 14 52 0
ordersell 12025 21.8 1719480147550 14 52 0
sell 12025 22.6 1719480287724 14 54 -52.249999999999964
orderbuy 12000 20.25 1719480292647 14 54 0
buy 12000 20.25 1719480297630 14 54 0
ordersell 12000 21.25 1719480297630 14 54 0
sell 12000 21.25 1719480362743 14 56 -51.24999999999997
orderbuy 12000 20.45 1719480547788 14 59 0
buy 12000 20.45 1719480552810 14 59 0
ordersell 12000 21.45 1719480552811 14 59 0
sell 12000 21.5 1719480642790 15 0 -50.199999999999974
