orderbuy 21550 21.2 1715054031015 9 23 0
buy 21550 21.2 1715054036047 9 23 0
ordersell 21550 22.2 1715054036047 9 23 0
cancelsell 21550 22.2 1715054061028 9 24 0
ordersell 21550 17.7 1715054061028 9 24 0
sell 21550 18.7 1715054066010 9 24 13.500000000000007
orderbuy 21950 21.15 1715054091057 9 24 0
buy 21950 21.15 1715054095999 9 24 0
ordersell 21950 22.15 1715054095999 9 24 0
cancelsell 21950 22.15 1715054186071 9 26 0
ordersell 21950 16.1 1715054186072 9 26 0
sell 21950 17.1 1715054191079 9 26 9.45000000000001
orderbuy 21550 22.6 1715054651149 9 34 0
buy 21550 22.6 1715054656088 9 34 0
ordersell 21550 23.6 1715054656089 9 34 0
sell 21550 24.25 1715055031134 9 40 11.100000000000009
orderbuy 21500 21.75 1715055591245 9 49 0
buy 21500 21.75 1715055596245 9 49 0
ordersell 21500 22.75 1715055596245 9 49 0
sell 21500 28.85 1715055691729 9 51 18.20000000000001
orderbuy 21450 24.7 1715055801255 9 53 0
buy 21450 24.7 1715055806276 9 53 0
ordersell 21450 25.7 1715055806276 9 53 0
sell 21450 25.75 1715056001373 9 56 19.25000000000001
orderbuy 21400 21.75 1715056371434 10 2 0
buy 21400 21.75 1715056376368 10 2 0
ordersell 21400 22.75 1715056376368 10 2 0
