orderbuy 23750 25.1 1720496819529 9 16 0
buy 23750 24.1 1720496824590 9 17 0
ordersell 23750 25.1 1720496824590 9 17 0
cancelsell 23750 25.1 1720496914641 9 18 0
ordersell 23750 17.25 1720496914643 9 18 0
sell 23750 18.25 1720496919662 9 18 -5.850000000000001
orderbuy 23500 20.35 1720497784877 9 33 0
buy 23500 20.35 1720497789853 9 33 0
ordersell 23500 21.35 1720497789853 9 33 0
sell 23500 21.95 1720497809998 9 33 -4.2500000000000036
orderbuy 23500 21.25 1720498830183 9 50 0
buy 23500 21.25 1720498835456 9 50 0
ordersell 23500 22.25 1720498835457 9 50 0
cancelsell 23500 22.25 1720499360401 9 59 0
ordersell 23500 11.9 1720499360403 9 59 0
sell 23500 12.9 1720499365408 9 59 -12.600000000000003
