orderbuy 10975 20.1 1713413785803 9 46 0
buy 10975 20.1 1713413790741 9 46 0
ordersell 10975 21.1 1713413790741 9 46 0
cancelsell 10975 21.1 1713413926198 9 48 0
ordersell 10975 16.75 1713413926198 9 48 0
sell 10975 17.75 1713413931195 9 48 -2.3500000000000014
orderbuy 10975 20.1 1713414190931 9 53 0
buy 10975 20.1 1713414196009 9 53 0
ordersell 10975 21.1 1713414196009 9 53 0
sell 10975 21.1 1713414455947 9 57 -1.3500000000000014
orderbuy 10625 23 1713415156133 10 9 0
buy 10625 23 1713415161053 10 9 0
ordersell 10625 24 1713415161053 10 9 0
cancelsell 10625 24 1713415206113 10 10 0
ordersell 10625 18.1 1713415206115 10 10 0
sell 10625 19.1 1713415211080 10 10 -5.25
orderbuy 10625 20.1 1713415666252 10 17 0
buy 10625 20.1 1713415671452 10 17 0
ordersell 10625 21.1 1713415671452 10 17 0
sell 10625 21.3 1713415971422 10 22 -4.050000000000001
orderbuy 10975 20.45 1713416421454 10 30 0
buy 10975 20.45 1713416426348 10 30 0
ordersell 10975 21.45 1713416426348 10 30 0
sell 10975 21.85 1713416726941 10 35 -2.6499999999999986
orderbuy 10650 20.2 1713417456691 10 47 0
buy 10650 20.2 1713417461643 10 47 0
ordersell 10650 21.2 1713417461644 10 47 0
sell 10650 21.6 1713417856838 10 54 -1.2499999999999964
orderbuy 10650 20.25 1713418056782 10 57 0
buy 10650 20.25 1713418061787 10 57 0
ordersell 10650 21.25 1713418061788 10 57 0
cancelsell 10650 21.25 1713418601856 11 6 0
ordersell 10650 17 1713418601856 11 6 0
sell 10650 18 1713418606885 11 6 -3.4999999999999964
orderbuy 11000 20.1 1713419227085 11 17 0
buy 11000 20.1 1713419231980 11 17 0
ordersell 11000 21.1 1713419231980 11 17 0
cancelsell 11000 21.1 1713420347384 11 35 0
ordersell 11000 16.7 1713420347387 11 35 0
sell 11000 17.7 1713420352387 11 35 -5.899999999999999
orderbuy 10675 20.05 1713422052949 12 4 0
buy 10675 20.05 1713422057769 12 4 0
ordersell 10675 21.05 1713422057769 12 4 0
cancelsell 10675 21.05 1713423108147 12 21 0
ordersell 10675 16.85 1713423108150 12 21 0
sell 10675 17.85 1713423113013 12 21 -8.099999999999998
orderbuy 11025 21 1713423388391 12 26 0
buy 11025 21 1713423393268 12 26 0
ordersell 11025 22 1713423393268 12 26 0
sell 11025 23 1713423404214 12 26 -6.099999999999998
orderbuy 11025 20.9 1713423623309 12 30 0
buy 11025 20.9 1713423628206 12 30 0
ordersell 11025 21.9 1713423628206 12 30 0
sell 11025 22.75 1713423708265 12 31 -4.2499999999999964
orderbuy 10700 20 1713424458472 12 44 0
buy 10700 20 1713424463623 12 44 0
ordersell 10700 21 1713424463623 12 44 0
sell 10700 21.2 1713425028904 12 53 -3.049999999999997
orderbuy 10700 20.25 1713425623719 13 3 0
buy 10700 20.25 1713425628608 13 3 0
ordersell 10700 21.25 1713425628608 13 3 0
sell 10700 21.35 1713425828774 13 7 -1.9499999999999957
orderbuy 10675 20.45 1713427039649 13 27 0
buy 10675 20.45 1713427044012 13 27 0
ordersell 10675 21.45 1713427044013 13 27 0
cancelsell 10675 21.45 1713427114151 13 28 0
ordersell 10675 16.85 1713427114151 13 28 0
sell 10675 17.85 1713427119119 13 28 -4.549999999999994
orderbuy 10675 22.25 1713427174088 13 29 0
buy 10675 22.25 1713427179048 13 29 0
ordersell 10675 23.25 1713427179049 13 29 0
sell 10675 24.35 1713427339074 13 32 -2.449999999999992
orderbuy 10650 21.05 1713427344118 13 32 0
buy 10650 19 1713427364293 13 32 0
ordersell 10650 20 1713427364293 13 32 0
sell 10650 21.05 1713427379133 13 32 -0.3999999999999915
orderbuy 11000 20.3 1713427439153 13 33 0
buy 11000 20.3 1713427444138 13 34 0
ordersell 11000 21.3 1713427444138 13 34 0
sell 11000 23 1713427509221 13 35 2.300000000000008
orderbuy 10675 20.9 1713427609171 13 36 0
buy 10675 20.9 1713427614129 13 36 0
ordersell 10675 21.9 1713427614130 13 36 0
sell 10675 24.45 1713427669249 13 37 5.8500000000000085
orderbuy 10650 20.95 1713427674209 13 37 0
buy 10650 20.95 1713427679161 13 37 0
ordersell 10650 21.95 1713427679162 13 37 0
sell 10650 23.85 1713427759316 13 39 8.75000000000001
orderbuy 10625 20.7 1713427764403 13 39 0
buy 10625 20.7 1713427769139 13 39 0
ordersell 10625 21.7 1713427769139 13 39 0
cancelsell 10625 21.7 1713427824265 13 40 0
ordersell 10625 17.25 1713427824265 13 40 0
sell 10625 18.25 1713427829232 13 40 6.300000000000011
orderbuy 10625 20.95 1713427969409 13 42 0
buy 10625 20.95 1713427974235 13 42 0
ordersell 10625 21.95 1713427974235 13 42 0
sell 10625 22 1713428059443 13 44 7.350000000000012
orderbuy 10575 20.5 1713428119340 13 45 0
buy 10575 20.5 1713428124483 13 45 0
ordersell 10575 21.5 1713428124484 13 45 0
cancelsell 10575 21.5 1713428384458 13 49 0
ordersell 10575 16.9 1713428384459 13 49 0
sell 10575 17.9 1713428389358 13 49 4.750000000000011
orderbuy 10600 20.25 1713428419388 13 50 0
buy 10600 20.25 1713428424371 13 50 0
ordersell 10600 21.25 1713428424371 13 50 0
cancelsell 10600 21.25 1713428434404 13 50 0
ordersell 10600 17.1 1713428434404 13 50 0
sell 10600 18.1 1713428439320 13 50 2.600000000000012
orderbuy 10600 20.15 1713428609450 13 53 0
buy 10600 20.15 1713428614400 13 53 0
ordersell 10600 21.15 1713428614400 13 53 0
cancelsell 10600 21.15 1713428704561 13 55 0
ordersell 10600 16.65 1713428704561 13 55 0
sell 10600 17.65 1713428709469 13 55 0.10000000000001208
orderbuy 10600 20.6 1713429589666 14 9 0
buy 10600 20.6 1713429594650 14 9 0
ordersell 10600 21.6 1713429594652 14 9 0
sell 10600 25.8 1713429724744 14 12 5.300000000000011
orderbuy 10550 20.05 1713429729670 14 12 0
buy 10550 20.05 1713429734713 14 12 0
ordersell 10550 21.05 1713429734714 14 12 0
cancelsell 10550 21.05 1713429949785 14 15 0
ordersell 10550 16.3 1713429949785 14 15 0
sell 10550 17.3 1713429954743 14 15 2.5500000000000114
orderbuy 10600 20.5 1713430534891 14 25 0
buy 10600 20.5 1713430539924 14 25 0
ordersell 10600 21.5 1713430539924 14 25 0
sell 10600 21.7 1713431000045 14 33 3.7500000000000107
orderbuy 10575 20.95 1713431055037 14 34 0
buy 10575 20.95 1713431060020 14 34 0
ordersell 10575 21.95 1713431060020 14 34 0
sell 10575 22.6 1713431230139 14 37 5.400000000000013
orderbuy 10575 20.4 1713431360152 14 39 0
buy 10575 20.4 1713431365097 14 39 0
ordersell 10575 21.4 1713431365097 14 39 0
sell 10575 22.95 1713431445216 14 40 7.9500000000000135
orderbuy 10550 20.2 1713431450169 14 40 0
buy 10550 20.2 1713431455112 14 40 0
ordersell 10550 21.2 1713431455112 14 40 0
sell 10550 23 1713431615268 14 43 10.750000000000014
orderbuy 10525 20.2 1713431620203 14 43 0
buy 10525 20.2 1713431625218 14 43 0
ordersell 10525 21.2 1713431625218 14 43 0
sell 10525 22.7 1713431670405 14 44 13.250000000000014
orderbuy 10500 20 1713431675166 14 44 0
buy 10500 20 1713431680268 14 44 0
ordersell 10500 21 1713431680269 14 44 0
cancelsell 10500 21 1713432095270 14 51 0
ordersell 10500 15.3 1713432095273 14 51 0
sell 10500 16.3 1713432100387 14 51 9.550000000000015
orderbuy 10525 20.4 1713432215434 14 53 0
buy 10525 20.4 1713432220352 14 53 0
ordersell 10525 21.4 1713432220352 14 53 0
sell 10525 23.9 1713432245433 14 54 13.050000000000015
orderbuy 10500 21.05 1713432250384 14 54 0
buy 10500 21.05 1713432255398 14 54 0
ordersell 10500 22.05 1713432255398 14 54 0
sell 10500 23.1 1713432385416 14 56 15.100000000000016
orderbuy 10475 20.05 1713432390372 14 56 0
buy 10475 20.05 1713432395415 14 56 0
ordersell 10475 21.05 1713432395415 14 56 0
sell 10475 23.95 1713432555586 14 59 19.000000000000014
orderbuy 10450 20.85 1713432560478 14 59 0
buy 10450 20.85 1713432565490 14 59 0
ordersell 10450 21.85 1713432565490 14 59 0
cancelsell 10450 21.85 1713432635519 15 0 0
ordersell 10450 16.9 1713432635519 15 0 0
sell 10450 17.9 1713432640434 15 0 16.05000000000001
