orderbuy 23600 23.5 1718855172346 9 16 0
buy 23600 23.5 1718855176969 9 16 0
ordersell 23600 24.5 1718855176969 9 16 0
sell 23600 28.45 1718855306874 9 18 4.949999999999999
orderbuy 23700 20.5 1718855311917 9 18 0
buy 23700 20.5 1718855316864 9 18 0
ordersell 23700 21.5 1718855316865 9 18 0
sell 23700 21.55 1718855391891 9 19 6
orderbuy 22300 20.6 1718855496906 9 21 0
buy 22300 20.6 1718855501892 9 21 0
ordersell 22300 21.6 1718855501892 9 21 0
sell 22300 21.95 1718855541893 9 22 7.349999999999998
orderbuy 23550 22.2 1718855826956 9 27 0
buy 23550 22.2 1718855831964 9 27 0
ordersell 23550 23.2 1718855831964 9 27 0
sell 23550 23.7 1718855896982 9 28 8.849999999999998
orderbuy 23600 20.05 1718855901984 9 28 0
buy 23600 20.05 1718855906992 9 28 0
ordersell 23600 21.05 1718855906993 9 28 0
cancelsell 23600 21.05 1718856022084 9 30 0
ordersell 23600 15.149999999999999 1718856022084 9 30 0
sell 23600 16.15 1718856027028 9 30 4.949999999999996
orderbuy 23550 20.15 1718856072034 9 31 0
buy 23550 20.15 1718856077036 9 31 0
ordersell 23550 21.15 1718856077036 9 31 0
cancelsell 23550 21.15 1718856157304 9 32 0
ordersell 23550 16.2 1718856157304 9 32 0
sell 23550 17.2 1718856162191 9 32 1.9999999999999964
orderbuy 23500 22.6 1718856192503 9 33 0
buy 23500 22.6 1718856197190 9 33 0
ordersell 23500 23.6 1718856197191 9 33 0
cancelsell 23500 23.6 1718856222139 9 33 0
ordersell 23500 18.75 1718856222139 9 33 0
sell 23500 20.4 1718856227088 9 33 -0.2000000000000064
orderbuy 22300 22.35 1718856282123 9 34 0
buy 22300 22.35 1718856287139 9 34 0
ordersell 22300 23.35 1718856287139 9 34 0
cancelsell 22300 23.35 1718856297111 9 34 0
ordersell 22300 19 1718856297111 9 34 0
sell 22300 20 1718856302093 9 35 -2.550000000000008
orderbuy 22300 20.4 1718856422655 9 37 0
buy 22300 20.4 1718856427279 9 37 0
ordersell 22300 21.4 1718856427279 9 37 0
sell 22300 22.05 1718856542336 9 39 -0.9000000000000057
orderbuy 22300 21.65 1718857202418 9 50 0
buy 22300 21.65 1718857207340 9 50 0
ordersell 22300 22.65 1718857207340 9 50 0
sell 22300 23.7 1718857242829 9 50 1.149999999999995
orderbuy 23450 20.95 1718857327350 9 52 0
buy 23450 20.95 1718857332331 9 52 0
ordersell 23450 21.95 1718857332331 9 52 0
cancelsell 23450 21.95 1718857572402 9 56 0
ordersell 23450 17.1 1718857572403 9 56 0
sell 23450 18.1 1718857577464 9 56 -1.7000000000000028
orderbuy 22200 20.25 1718857647461 9 57 0
buy 22200 20.25 1718857652463 9 57 0
ordersell 22200 21.25 1718857652463 9 57 0
cancelsell 22200 21.25 1718857797449 9 59 0
ordersell 22200 15.25 1718857797449 9 59 0
sell 22200 16.25 1718857802471 10 0 -5.700000000000003
orderbuy 22250 20.95 1718857932536 10 2 0
buy 22250 20.95 1718857937514 10 2 0
ordersell 22250 21.95 1718857937514 10 2 0
sell 22250 22 1718858952844 10 19 -4.650000000000002
orderbuy 23400 20.15 1718859038252 10 20 0
buy 23400 20.15 1718859042993 10 20 0
ordersell 23400 21.15 1718859042993 10 20 0
sell 23400 21.7 1718859107916 10 21 -3.1000000000000014
orderbuy 23450 20.15 1718859242874 10 24 0
buy 23450 20.15 1718859247855 10 24 0
ordersell 23450 21.15 1718859247855 10 24 0
sell 23450 21.55 1718859763022 10 32 -1.6999999999999993
orderbuy 23450 20.05 1718860528448 10 45 0
buy 23450 20.05 1718860533239 10 45 0
ordersell 23450 21.05 1718860533239 10 45 0
sell 23450 24.1 1718861668729 11 4 2.3500000000000014
orderbuy 23500 20.25 1718861673970 11 4 0
buy 23500 20.25 1718861678746 11 4 0
ordersell 23500 21.25 1718861678747 11 4 0
sell 23500 21.35 1718861693675 11 4 3.450000000000003
orderbuy 22450 20.65 1718861698650 11 4 0
buy 22450 20.65 1718861703633 11 5 0
ordersell 22450 21.65 1718861703633 11 5 0
sell 22450 21.9 1718861883698 11 8 4.700000000000003
orderbuy 23450 20.35 1718862414272 11 16 0
buy 23450 20.35 1718862419017 11 16 0
ordersell 23450 21.35 1718862419018 11 16 0
sell 23450 21.6 1718862854054 11 24 5.950000000000003
orderbuy 23500 20.25 1718863509237 11 35 0
buy 23500 20.25 1718863514198 11 35 0
ordersell 23500 21.25 1718863514198 11 35 0
sell 23500 24.5 1718863744281 11 39 10.200000000000003
orderbuy 23550 20.7 1718863749314 11 39 0
buy 23550 20.7 1718863759290 11 39 0
ordersell 23550 21.7 1718863759291 11 39 0
cancelsell 23550 21.7 1718863899357 11 41 0
ordersell 23550 16.15 1718863899357 11 41 0
sell 23550 17.15 1718863904332 11 41 6.650000000000002
orderbuy 23500 20.75 1718864539585 11 52 0
buy 23500 20.75 1718864544495 11 52 0
ordersell 23500 21.75 1718864544496 11 52 0
sell 23500 22 1718864779559 11 56 7.900000000000002
orderbuy 23500 20.05 1718865494832 12 8 0
buy 23500 19.75 1718865499775 12 8 0
ordersell 23500 20.75 1718865499776 12 8 0
cancelsell 23500 20.75 1718866820181 12 30 0
ordersell 23500 16.5 1718866820182 12 30 0
sell 23500 17.5 1718866825110 12 30 5.650000000000002
orderbuy 22450 20.2 1718867120200 12 35 0
buy 22450 20.2 1718867125182 12 35 0
ordersell 22450 21.2 1718867125182 12 35 0
cancelsell 22450 21.2 1718867330428 12 38 0
ordersell 22450 17.15 1718867330429 12 38 0
sell 22450 18.15 1718867335456 12 38 3.6000000000000014
orderbuy 23450 20.05 1718868405565 12 56 0
buy 23450 20.05 1718868410540 12 56 0
ordersell 23450 21.05 1718868410540 12 56 0
sell 23450 21.45 1718868740757 13 2 5
orderbuy 22500 20.2 1718869560923 13 16 0
buy 22500 20.2 1718869565900 13 16 0
ordersell 22500 21.2 1718869565900 13 16 0
cancelsell 22500 21.2 1718869926236 13 22 0
ordersell 22500 15.55 1718869926236 13 22 0
sell 22500 16.55 1718869931022 13 22 1.3500000000000014
orderbuy 22550 20 1718870656195 13 34 0
buy 22550 20 1718870661212 13 34 0
ordersell 22550 21 1718870661212 13 34 0
sell 22550 21.45 1718871866581 13 54 2.8000000000000007
orderbuy 23450 20.3 1718872206572 14 0 0
buy 23450 20.3 1718872211639 14 0 0
ordersell 23450 21.3 1718872211639 14 0 0
cancelsell 23450 21.3 1718872221783 14 0 0
ordersell 23450 16.8 1718872221784 14 0 0
sell 23450 17.8 1718872226673 14 0 0.3000000000000007
orderbuy 23450 20.3 1718872446666 14 4 0
buy 23450 20.3 1718872451691 14 4 0
ordersell 23450 21.3 1718872451691 14 4 0
sell 23450 22.15 1718873226961 14 17 2.1499999999999986
orderbuy 22550 20.15 1718873307058 14 18 0
buy 22550 20.15 1718873312294 14 18 0
ordersell 22550 21.15 1718873312294 14 18 0
sell 22550 21.8 1718874382218 14 36 3.8000000000000007
orderbuy 23450 20.1 1718874512362 14 38 0
buy 23450 20.1 1718874517267 14 38 0
ordersell 23450 21.1 1718874517267 14 38 0
sell 23450 21.45 1718875032427 14 47 5.149999999999999
orderbuy 22500 20.2 1718875252513 14 50 0
buy 22500 20.2 1718875257485 14 50 0
ordersell 22500 21.2 1718875257486 14 50 0
sell 22500 22.25 1718875622570 14 57 7.199999999999999
