orderbuy 24450 22.6 1720064745131 9 15 0
buy 24450 21.6 1720064750357 9 15 0
ordersell 24450 22.6 1720064750358 9 15 0
cancelsell 24450 22.6 1720066155499 9 39 0
ordersell 24450 18.1 1720066155500 9 39 0
sell 24450 19.1 1720066160784 9 39 -2.5
orderbuy 24300 24.05 1720068991500 10 26 0
buy 24300 24.05 1720068996593 10 26 0
ordersell 24300 25.05 1720068996594 10 26 0
sell 24300 27.05 1720069061615 10 27 0.5
orderbuy 24250 22.6 1720069071817 10 27 0
buy 24250 22.6 1720069077554 10 27 0
ordersell 24250 23.6 1720069077554 10 27 0
cancelsell 24250 23.6 1720069101863 10 28 0
ordersell 24250 16.1 1720069101863 10 28 0
sell 24250 17.1 1720069106863 10 28 -5
orderbuy 24300 21.5 1720071617881 11 10 0
buy 24300 21.5 1720071622865 11 10 0
ordersell 24300 22.5 1720071622866 11 10 0
cancelsell 24300 22.5 1720072143143 11 19 0
ordersell 24300 16.6 1720072143145 11 19 0
sell 24300 17.6 1720072148099 11 19 -8.899999999999999
