orderbuy 23600 21.15 1718165511991 9 41 0
buy 23600 21.15 1718165516981 9 41 0
ordersell 23600 22.15 1718165516981 9 41 0
sell 23600 32.8 1718169502269 10 48 11.649999999999999
orderbuy 23650 21.45 1718169505374 10 48 0
buy 23650 21.45 1718169510374 10 48 0
ordersell 23650 22.45 1718169510375 10 48 0
cancelsell 23650 22.45 1718172140831 11 32 0
ordersell 23650 8.6 1718172140838 11 32 0
sell 23650 10.05 1718172145693 11 32 0.25
orderbuy 23600 20.5 1718173080868 11 48 0
buy 23600 20.5 1718173085867 11 48 0
ordersell 23600 21.5 1718173085867 11 48 0
sell 23600 22.3 1718173601198 11 56 2.0500000000000007
orderbuy 23100 20 1718176921416 12 52 0
buy 23100 20 1718176925723 12 52 0
ordersell 23100 21 1718176925724 12 52 0
cancelsell 23100 21 1718177030775 12 53 0
ordersell 23100 16.4 1718177030776 12 53 0
sell 23100 17.4 1718177035729 12 53 -0.5500000000000007
