orderbuy 53000 20.05 1719287285807 9 18 0
orderbuy 53000 21.55 1719287325776 9 18 0
orderbuy 50400 20.5 1719287395796 9 19 0
orderbuy 53100 21 1719287610952 9 23 0
orderbuy 50400 20 1719287631013 9 23 0
orderbuy 53100 21 1719287635938 9 23 0
orderbuy 50400 20.25 1719287675903 9 24 0
orderbuy 50400 20.25 1719287700946 9 25 0
orderbuy 50400 20 1719287981059 9 29 0
orderbuy 50400 20 1719288031081 9 30 0
orderbuy 53000 20.05 1719288941217 9 45 0
orderbuy 53100 20.6 1719289076255 9 47 0
orderbuy 53200 20.65 1719289291379 9 51 0
orderbuy 53100 21.45 1719290136832 10 5 0
orderbuy 53200 20.95 1719290676794 10 14 0
orderbuy 53200 21.7 1719290821788 10 17 0
orderbuy 53200 20.05 1719291646996 10 30 0
orderbuy 53200 21.05 1719292272306 10 41 0
orderbuy 53200 20.3 1719292472231 10 44 0
orderbuy 50900 20.35 1719293737621 11 5 0
orderbuy 50900 20.1 1719293772534 11 6 0
orderbuy 50800 21.7 1719294612877 11 20 0
orderbuy 53100 20.7 1719294617712 11 20 0
orderbuy 53100 20.7 1719294622809 11 20 0
orderbuy 53100 20.7 1719294627731 11 20 0
orderbuy 53100 20.7 1719294632800 11 20 0
orderbuy 53100 20.7 1719294637773 11 20 0
orderbuy 53100 20.7 1719294642741 11 20 0
orderbuy 53100 20.7 1719294647737 11 20 0
orderbuy 53100 20.7 1719294652860 11 20 0
orderbuy 53100 20.7 1719294657743 11 20 0
orderbuy 53100 20.7 1719294662709 11 21 0
orderbuy 53100 20.75 1719294667809 11 21 0
orderbuy 53100 20.75 1719294672705 11 21 0
orderbuy 53100 20.75 1719294692762 11 21 0
orderbuy 53100 20.75 1719294697719 11 21 0
orderbuy 53100 20.75 1719294702981 11 21 0
orderbuy 53100 20.75 1719294707766 11 21 0
orderbuy 53100 20.75 1719294712756 11 21 0
orderbuy 50800 20.65 1719295067830 11 27 0
orderbuy 53000 20.45 1719295363605 11 32 0
orderbuy 53700 26.5 1719305362717 14 19 0
orderbuy 53600 21.7 1719305637814 14 23 0
orderbuy 50900 20.5 1719305717879 14 25 0
orderbuy 50800 20.2 1719305877985 14 27 0
orderbuy 53600 21.95 1719306108175 14 31 0
orderbuy 51000 20 1719306453243 14 37 0
orderbuy 53700 20.15 1719306508037 14 38 0
orderbuy 51000 20.3 1719306643026 14 40 0
orderbuy 53700 20 1719306713067 14 41 0
orderbuy 51000 20.2 1719306718089 14 41 0
orderbuy 50900 20.5 1719307508358 14 55 0
