orderbuy 21950 20.4 1715226408725 9 16 0
buy 21950 20.4 1715226413715 9 16 0
ordersell 21950 21.4 1715226413715 9 16 0
cancelsell 21950 21.4 1715226473767 9 17 0
ordersell 21950 16.9 1715226473767 9 17 0
sell 21950 17.9 1715226478752 9 17 -2.5
orderbuy 20900 20.05 1715226653948 9 20 0
buy 20900 20.05 1715226658788 9 20 0
ordersell 20900 21.05 1715226658788 9 20 0
sell 20900 21.2 1715226753852 9 22 -1.3500000000000014
orderbuy 20850 20.25 1715227033971 9 27 0
buy 20850 20.25 1715227038964 9 27 0
ordersell 20850 21.25 1715227038965 9 27 0
cancelsell 20850 21.25 1715227464110 9 34 0
ordersell 20850 17.05 1715227464113 9 34 0
sell 20850 18.05 1715227469086 9 34 -3.5500000000000007
orderbuy 20850 20.15 1715227989238 9 43 0
buy 20850 20.15 1715227994294 9 43 0
ordersell 20850 21.15 1715227994294 9 43 0
cancelsell 20850 21.15 1715228709397 9 55 0
ordersell 20850 16.55 1715228709399 9 55 0
sell 20850 17.55 1715228714398 9 55 -6.149999999999999
orderbuy 20850 20.4 1715229019506 10 0 0
buy 20850 20.4 1715229024472 10 0 0
ordersell 20850 21.4 1715229024473 10 0 0
cancelsell 20850 21.4 1715229424839 10 7 0
ordersell 20850 16.65 1715229424841 10 7 0
sell 20850 17.65 1715229429562 10 7 -8.899999999999999
orderbuy 20850 20.8 1715229909707 10 15 0
buy 20850 20.8 1715229914677 10 15 0
ordersell 20850 21.8 1715229914677 10 15 0
