orderbuy 24200 20.75 1719460130762 9 18 0
buy 24200 20.75 1719460135745 9 18 0
ordersell 24200 21.75 1719460135745 9 18 0
cancelsell 24200 21.75 1719460145833 9 19 0
ordersell 24200 17.15 1719460145834 9 19 0
sell 24200 18.15 1719460150922 9 19 -49.74999999999999
orderbuy 22950 20.05 1719460275766 9 21 0
buy 22950 20.05 1719460280768 9 21 0
ordersell 22950 21.05 1719460280768 9 21 0
cancelsell 22950 21.05 1719460480878 9 24 0
ordersell 22950 16.5 1719460480881 9 24 0
sell 22950 17.5 1719460486288 9 24 -52.3
orderbuy 24150 20.4 1719461020930 9 33 0
buy 24150 20.4 1719461025927 9 33 0
ordersell 24150 21.4 1719461025927 9 33 0
sell 24150 21.95 1719461496098 9 41 -50.749999999999986
orderbuy 24200 20.7 1719462056165 9 50 0
buy 24200 20.7 1719462061131 9 51 0
ordersell 24200 21.7 1719462061131 9 51 0
sell 24200 22.9 1719462121384 9 52 -48.54999999999999
orderbuy 23050 21.1 1719462136248 9 52 0
buy 23050 21.1 1719462141170 9 52 0
ordersell 23050 22.1 1719462141170 9 52 0
cancelsell 23050 22.1 1719462406648 9 56 0
ordersell 23050 17.5 1719462406651 9 56 0
sell 23050 18.5 1719462411546 9 56 -51.14999999999999
orderbuy 24300 22.05 1719462516523 9 58 0
buy 24300 22.05 1719462521356 9 58 0
ordersell 24300 23.05 1719462521356 9 58 0
sell 24300 23.1 1719462531526 9 58 -50.09999999999999
orderbuy 24350 20.7 1719462666609 10 1 0
buy 24350 20.7 1719462671469 10 1 0
ordersell 24350 21.7 1719462671470 10 1 0
sell 24350 22.5 1719462721529 10 2 -48.29999999999998
orderbuy 24400 20.8 1719462761529 10 2 0
buy 24400 20.8 1719462766401 10 2 0
ordersell 24400 21.8 1719462766401 10 2 0
sell 24400 24 1719462801417 10 3 -45.09999999999998
orderbuy 24450 20.15 1719462806681 10 3 0
buy 24450 20.15 1719462811395 10 3 0
ordersell 24450 21.15 1719462811395 10 3 0
cancelsell 24450 21.15 1719462816562 10 3 0
ordersell 24450 16.3 1719462816562 10 3 0
sell 24450 17.3 1719462821456 10 3 -47.949999999999974
orderbuy 23150 21.5 1719462956681 10 5 0
buy 23150 21.5 1719462961497 10 6 0
ordersell 23150 22.5 1719462961497 10 6 0
sell 23150 23.3 1719463526930 10 15 -46.14999999999998
orderbuy 24400 20 1719463607239 10 16 0
buy 24400 20 1719463611732 10 16 0
ordersell 24400 21 1719463611732 10 16 0
cancelsell 24400 21 1719464327089 10 28 0
ordersell 24400 16.7 1719464327095 10 28 0
sell 24400 17.7 1719464331932 10 28 -48.449999999999974
orderbuy 23050 21.35 1719464717094 10 35 0
buy 23050 21.35 1719464722172 10 35 0
ordersell 23050 22.35 1719464722172 10 35 0
sell 23050 25.3 1719465302537 10 45 -44.499999999999986
orderbuy 23000 21.3 1719465307406 10 45 0
buy 23000 21.3 1719465312358 10 45 0
ordersell 23000 22.3 1719465312358 10 45 0
sell 23000 23.4 1719465367329 10 46 -42.399999999999984
orderbuy 24200 20.1 1719465522664 10 48 0
buy 24200 20.1 1719465527451 10 48 0
ordersell 24200 21.1 1719465527452 10 48 0
sell 24200 25.1 1719465733464 10 52 -37.399999999999984
orderbuy 24250 21.25 1719465737402 10 52 0
buy 24250 21.25 1719465742411 10 52 0
ordersell 24250 22.25 1719465742411 10 52 0
cancelsell 24250 22.25 1719465972768 10 56 0
ordersell 24250 18.1 1719465972770 10 56 0
sell 24250 19.1 1719465977504 10 56 -39.54999999999998
orderbuy 24250 20.85 1719466027595 10 57 0
buy 24250 20.85 1719466032555 10 57 0
ordersell 24250 21.85 1719466032555 10 57 0
sell 24250 23 1719466202790 11 0 -37.399999999999984
orderbuy 23050 22 1719466427693 11 3 0
buy 23050 22 1719466433105 11 3 0
ordersell 23050 23 1719466433106 11 3 0
cancelsell 23050 23 1719466957967 11 12 0
ordersell 23050 18.5 1719466957972 11 12 0
sell 23050 19.5 1719466962916 11 12 -39.899999999999984
orderbuy 24300 21.1 1719467083114 11 14 0
buy 24300 21.1 1719467088090 11 14 0
ordersell 24300 22.1 1719467088092 11 14 0
cancelsell 24300 22.1 1719467468226 11 21 0
ordersell 24300 17.65 1719467468228 11 21 0
sell 24300 18.65 1719467473326 11 21 -42.34999999999999
orderbuy 24300 20.2 1719467753270 11 25 0
buy 24300 20.2 1719467758204 11 25 0
ordersell 24300 21.2 1719467758204 11 25 0
cancelsell 24300 21.2 1719468573615 11 39 0
ordersell 24300 16.8 1719468573618 11 39 0
sell 24300 17.8 1719468578644 11 39 -44.749999999999986
orderbuy 23100 20.3 1719469283937 11 51 0
buy 23100 20.3 1719469288687 11 51 0
ordersell 23100 21.3 1719469288690 11 51 0
sell 23100 21.4 1719469583960 11 56 -43.649999999999984
orderbuy 24300 20.15 1719470199290 12 6 0
buy 24300 20.15 1719470204137 12 6 0
ordersell 24300 21.15 1719470204138 12 6 0
cancelsell 24300 21.15 1719470494398 12 11 0
ordersell 24300 17.1 1719470494400 12 11 0
sell 24300 18.1 1719470499205 12 11 -45.69999999999998
orderbuy 24300 20 1719470609285 12 13 0
buy 24300 20 1719470614571 12 13 0
ordersell 24300 21 1719470614572 12 13 0
sell 24300 21.1 1719470829457 12 17 -44.59999999999999
orderbuy 23100 20.5 1719471634634 12 30 0
buy 23100 20.5 1719471639610 12 30 0
ordersell 23100 21.5 1719471639612 12 30 0
sell 23100 21.6 1719473430458 13 0 -43.49999999999999
orderbuy 24250 22.65 1719473505444 13 1 0
buy 24250 22.65 1719473510329 13 1 0
ordersell 24250 23.65 1719473510329 13 1 0
cancelsell 24250 23.65 1719473520382 13 2 0
ordersell 24250 18.7 1719473520383 13 2 0
sell 24250 19.7 1719473525411 13 2 -46.44999999999999
orderbuy 24250 21.2 1719473540550 13 2 0
buy 24250 21.2 1719473545301 13 2 0
ordersell 24250 22.2 1719473545304 13 2 0
sell 24250 22.25 1719474535645 13 18 -45.39999999999999
orderbuy 23050 20.25 1719475360807 13 32 0
buy 23050 20.25 1719475365830 13 32 0
ordersell 23050 21.25 1719475365830 13 32 0
sell 23050 21.9 1719476466334 13 51 -43.74999999999999
orderbuy 24250 20.1 1719476806461 13 56 0
buy 24250 20.1 1719476811334 13 56 0
ordersell 24250 21.1 1719476811334 13 56 0
cancelsell 24250 21.1 1719477411512 14 6 0
ordersell 24250 16.35 1719477411515 14 6 0
sell 24250 17.35 1719477416632 14 6 -46.49999999999999
orderbuy 23050 20.8 1719477516568 14 8 0
buy 23050 20.8 1719477521586 14 8 0
ordersell 23050 21.8 1719477521586 14 8 0
sell 23050 21.95 1719477751753 14 12 -45.349999999999994
orderbuy 24200 21.1 1719477796633 14 13 0
buy 24200 21.1 1719477801756 14 13 0
ordersell 24200 22.1 1719477801757 14 13 0
cancelsell 24200 22.1 1719478732210 14 28 0
ordersell 24200 17.95 1719478732215 14 28 0
sell 24200 18.95 1719478737015 14 28 -47.499999999999986
orderbuy 23050 20.45 1719478942105 14 32 0
buy 23050 20.45 1719478947242 14 32 0
ordersell 23050 21.45 1719478947242 14 32 0
cancelsell 23050 21.45 1719479292299 14 38 0
ordersell 23050 16.45 1719479292301 14 38 0
sell 23050 17.45 1719479297725 14 38 -50.499999999999986
orderbuy 24200 20.8 1719479737447 14 45 0
buy 24200 20.8 1719479742414 14 45 0
ordersell 24200 21.8 1719479742414 14 45 0
sell 24200 23.2 1719479887630 14 48 -48.09999999999998
orderbuy 23100 20.5 1719480622753 15 0 0
buy 23100 20.5 1719480627733 15 0 0
ordersell 23100 21.5 1719480627734 15 0 0
sell 23100 19.35 1719480722792 15 2 -66.44999999999999
