orderbuy 22650 21.55 1718077602129 9 16 0
buy 22650 21.55 1718077607228 9 16 0
ordersell 22650 22.55 1718077607229 9 16 0
cancelsell 22650 22.55 1718077687191 9 18 0
ordersell 22650 18 1718077687191 9 18 0
sell 22650 19 1718077692232 9 18 -2.5500000000000007
orderbuy 23700 20.45 1718077837287 9 20 0
buy 23700 20.45 1718077842237 9 20 0
ordersell 23700 21.45 1718077842237 9 20 0
sell 23700 22.1 1718077887288 9 21 -0.8999999999999986
orderbuy 22700 20.15 1718078852543 9 37 0
buy 22700 20.15 1718078857543 9 37 0
ordersell 22700 21.15 1718078857543 9 37 0
sell 22700 23.3 1718078942546 9 39 2.2500000000000036
orderbuy 23650 20.15 1718079187653 9 43 0
buy 23650 20.15 1718079192604 9 43 0
ordersell 23650 21.15 1718079192605 9 43 0
sell 23650 21.6 1718079312657 9 45 3.7000000000000064
