orderbuy 24100 25.5 1720669553947 9 15 0
buy 24100 22.5 1720669558946 9 15 0
ordersell 24100 23.5 1720669558947 9 15 0
cancelsell 24100 23.5 1720669859054 9 20 0
ordersell 24100 17.75 1720669859056 9 20 0
sell 24100 18.75 1720669864048 9 21 -3.75
orderbuy 23100 20.1 1720670029183 9 23 0
buy 23100 20.1 1720670034143 9 23 0
ordersell 23100 21.1 1720670034143 9 23 0
sell 23100 21.85 1720670114178 9 25 -2
orderbuy 23100 20.85 1720670189250 9 26 0
buy 23100 20.85 1720670194187 9 26 0
ordersell 23100 21.85 1720670194187 9 26 0
cancelsell 23100 21.85 1720670599346 9 33 0
ordersell 23100 17.2 1720670599346 9 33 0
sell 23100 18.2 1720670604385 9 33 -4.650000000000002
orderbuy 23100 22.55 1720670639399 9 33 0
buy 23100 22.55 1720670644349 9 34 0
ordersell 23100 23.55 1720670644349 9 34 0
cancelsell 23100 23.55 1720670654361 9 34 0
ordersell 23100 19.1 1720670654361 9 34 0
sell 23100 20.1 1720670659354 9 34 -7.100000000000001
orderbuy 24050 20.85 1720671760533 9 52 0
buy 24050 20.85 1720671764850 9 52 0
ordersell 24050 21.85 1720671764850 9 52 0
cancelsell 24050 21.85 1720671775014 9 52 0
ordersell 24050 17.7 1720671775015 9 52 0
sell 24050 18.7 1720671779797 9 52 -9.250000000000004
orderbuy 24050 20.75 1720672495097 10 4 0
buy 24050 20.75 1720672500037 10 5 0
ordersell 24050 21.75 1720672500038 10 5 0
sell 24050 22.25 1720672625224 10 7 -7.7500000000000036
orderbuy 23200 23.45 1720673065291 10 14 0
buy 23200 23.45 1720673070286 10 14 0
ordersell 23200 24.45 1720673070286 10 14 0
sell 23200 25.4 1720673120298 10 15 -5.800000000000004
orderbuy 23150 20.5 1720673125278 10 15 0
buy 23150 19.65 1720673130328 10 15 0
ordersell 23150 20.65 1720673130328 10 15 0
sell 23150 26.35 1720673185389 10 16 0.8999999999999986
orderbuy 23050 20.65 1720673230421 10 17 0
buy 23050 20.65 1720673235323 10 17 0
ordersell 23050 21.65 1720673235324 10 17 0
cancelsell 23050 21.65 1720673260386 10 17 0
ordersell 23050 17.45 1720673260386 10 17 0
sell 23050 18.45 1720673265338 10 17 -1.3000000000000007
orderbuy 23050 20.65 1720673290344 10 18 0
buy 23050 20.65 1720673295337 10 18 0
ordersell 23050 21.65 1720673295338 10 18 0
cancelsell 23050 21.65 1720673315366 10 18 0
ordersell 23050 17.45 1720673315366 10 18 0
sell 23050 18.45 1720673320347 10 18 -3.5
orderbuy 23050 22.7 1720673340390 10 19 0
buy 23050 22.7 1720673345354 10 19 0
ordersell 23050 23.7 1720673345354 10 19 0
sell 23050 26.05 1720673415392 10 20 -0.14999999999999858
orderbuy 23000 21.1 1720673420394 10 20 0
buy 23000 21.1 1720673425451 10 20 0
ordersell 23000 22.1 1720673425451 10 20 0
sell 23000 23.3 1720673480408 10 21 2.0500000000000007
orderbuy 23000 20.85 1720673690514 10 24 0
buy 23000 20.85 1720673695521 10 24 0
ordersell 23000 21.85 1720673695521 10 24 0
sell 23000 26 1720673765600 10 26 7.199999999999999
orderbuy 22950 21.7 1720673770573 10 26 0
buy 22950 21.7 1720673775566 10 26 0
ordersell 22950 22.7 1720673775566 10 26 0
cancelsell 22950 22.7 1720673810539 10 26 0
ordersell 22950 18.55 1720673810539 10 26 0
sell 22950 19.55 1720673815521 10 26 5.050000000000001
orderbuy 22950 21.7 1720673840538 10 27 0
buy 22950 21.7 1720673845539 10 27 0
ordersell 22950 22.7 1720673845539 10 27 0
cancelsell 22950 22.7 1720673850538 10 27 0
ordersell 22950 18.55 1720673850538 10 27 0
sell 22950 19.55 1720673855560 10 27 2.900000000000002
orderbuy 22950 22.4 1720674045620 10 30 0
buy 22950 22.4 1720674050659 10 30 0
ordersell 22950 23.4 1720674050659 10 30 0
cancelsell 22950 23.4 1720674115648 10 31 0
ordersell 22950 18.45 1720674115649 10 31 0
sell 22950 19.45 1720674120670 10 32 -0.04999999999999716
orderbuy 22950 21.3 1720674930994 10 45 0
buy 22950 21.3 1720674935963 10 45 0
ordersell 22950 22.3 1720674935963 10 45 0
cancelsell 22950 22.3 1720674945970 10 45 0
ordersell 22950 17.75 1720674945970 10 45 0
sell 22950 18.75 1720674950974 10 45 -2.599999999999998
orderbuy 22950 21.3 1720674991378 10 46 0
buy 22950 21.3 1720674995991 10 46 0
ordersell 22950 22.3 1720674995992 10 46 0
sell 22950 22.3 1720675056031 10 47 -1.5999999999999979
orderbuy 22950 20.25 1720675501161 10 55 0
buy 22950 20.25 1720675506157 10 55 0
ordersell 22950 21.25 1720675506158 10 55 0
sell 22950 21.7 1720675556174 10 55 -0.14999999999999858
orderbuy 22950 20.05 1720677126784 11 22 0
buy 22950 20.05 1720677131765 11 22 0
ordersell 22950 21.05 1720677131765 11 22 0
cancelsell 22950 21.05 1720677416941 11 26 0
ordersell 22950 17 1720677416946 11 26 0
sell 22950 18 1720677421871 11 27 -2.1999999999999993
orderbuy 23900 20.1 1720677546966 11 29 0
buy 23900 20.1 1720677551998 11 29 0
ordersell 23900 21.1 1720677551999 11 29 0
sell 23900 21.1 1720678337209 11 42 -1.1999999999999993
orderbuy 23900 20.05 1720678907419 11 51 0
buy 23900 20.05 1720678912414 11 51 0
ordersell 23900 21.05 1720678912414 11 51 0
sell 23900 21.4 1720679407713 12 0 0.14999999999999858
orderbuy 23000 23.45 1720679742767 12 5 0
buy 23000 23.45 1720679747729 12 5 0
ordersell 23000 24.45 1720679747729 12 5 0
cancelsell 23000 24.45 1720680027868 12 10 0
ordersell 23000 20 1720680027870 12 10 0
sell 23000 21 1720680032922 12 10 -2.3000000000000007
orderbuy 23900 20.1 1720680192921 12 13 0
buy 23900 20.1 1720680197899 12 13 0
ordersell 23900 21.1 1720680197900 12 13 0
sell 23900 21.2 1720681193339 12 29 -1.2000000000000028
orderbuy 23050 20.5 1720684894994 13 31 0
buy 23050 20.5 1720684899674 13 31 0
ordersell 23050 21.5 1720684899674 13 31 0
sell 23050 21.65 1720685239801 13 37 -0.05000000000000426
orderbuy 23900 20.1 1720685271303 13 37 0
buy 23900 20.1 1720685274821 13 37 0
ordersell 23900 21.1 1720685274822 13 37 0
sell 23900 21.6 1720686040131 13 50 1.4499999999999957
orderbuy 23950 21.2 1720686260273 13 54 0
buy 23950 21.2 1720686265213 13 54 0
ordersell 23950 22.2 1720686265213 13 54 0







