orderbuy 12575 20.45 1719892856247 9 30 0
buy 12575 20.45 1719892861242 9 31 0
ordersell 12575 21.45 1719892861242 9 31 0
cancelsell 12575 21.45 1719893671529 9 44 0
ordersell 12575 16.9 1719893671533 9 44 0
sell 12575 17.9 1719893676528 9 44 -2.5500000000000007
orderbuy 11850 21.5 1719893821489 9 47 0
buy 11850 21.5 1719893826515 9 47 0
ordersell 11850 22.5 1719893826515 9 47 0
sell 11850 23.25 1719893891600 9 48 -0.8000000000000007
orderbuy 11850 20.7 1719894136601 9 52 0
buy 11850 20.7 1719894141611 9 52 0
ordersell 11850 21.7 1719894141612 9 52 0
cancelsell 11850 21.7 1719894511731 9 58 0
ordersell 11850 17.5 1719894511736 9 58 0
sell 11850 18.5 1719894516750 9 58 -3
orderbuy 12575 22.2 1719894811847 10 3 0
buy 12575 22.2 1719894816803 10 3 0
ordersell 12575 23.2 1719894816803 10 3 0
cancelsell 12575 23.2 1719895156935 10 9 0
ordersell 12575 19.05 1719895156935 10 9 0
sell 12575 20.05 1719895161909 10 9 -5.149999999999999
orderbuy 11925 20.3 1719896607240 10 33 0
buy 11925 20.3 1719896612231 10 33 0
ordersell 11925 21.3 1719896612231 10 33 0
cancelsell 11925 21.3 1719898047729 10 57 0
ordersell 11925 17 1719898047733 10 57 0
sell 11925 18 1719898052778 10 57 -7.449999999999999
orderbuy 12575 20.05 1719898637932 11 7 0
buy 12575 20.05 1719898643005 11 7 0
ordersell 12575 21.05 1719898643005 11 7 0
cancelsell 12575 21.05 1719899483143 11 21 0
ordersell 12575 17 1719899483146 11 21 0
sell 12575 18 1719899488165 11 21 -9.5
orderbuy 11950 21.25 1719900808593 11 43 0
buy 11950 21.25 1719900813555 11 43 0
ordersell 11950 22.25 1719900813556 11 43 0
sell 11950 22.5 1719900823545 11 43 -8.25
orderbuy 11925 20.35 1719901023642 11 47 0
buy 11925 20.35 1719901028587 11 47 0
ordersell 11925 21.35 1719901028587 11 47 0
cancelsell 11925 21.35 1719901538914 11 55 0
ordersell 11925 17.1 1719901538916 11 55 0
sell 11925 18.1 1719901543761 11 55 -10.5
orderbuy 11950 20.15 1719901979350 12 2 0
buy 11950 20.15 1719901983919 12 3 0
ordersell 11950 21.15 1719901983919 12 3 0
sell 11950 21.2 1719902354039 12 9 -9.45
orderbuy 11925 22.25 1719902624106 12 13 0
buy 11925 22.25 1719902629039 12 13 0
ordersell 11925 23.25 1719902629039 12 13 0
cancelsell 11925 23.25 1719902659120 12 14 0
ordersell 11925 17.1 1719902659120 12 14 0
sell 11925 18.1 1719902664139 12 14 -13.599999999999998
orderbuy 11925 22.25 1719902674076 12 14 0
buy 11925 22.25 1719902679052 12 14 0
ordersell 11925 23.25 1719902679052 12 14 0
sell 11925 23.8 1719902714192 12 15 -12.049999999999994
orderbuy 11900 21.1 1719902719072 12 15 0
buy 11900 21.1 1719902724092 12 15 0
ordersell 11900 22.1 1719902724093 12 15 0
sell 11900 24.4 1719902744245 12 15 -8.749999999999993
orderbuy 11925 20.1 1719903329215 12 25 0
buy 11925 20.1 1719903334206 12 25 0
ordersell 11925 21.1 1719903334206 12 25 0
sell 11925 24 1719903499262 12 28 -4.849999999999994
orderbuy 11900 21.2 1719903504247 12 28 0
buy 11900 21.2 1719903509300 12 28 0
ordersell 11900 22.2 1719903509300 12 28 0
sell 11900 26.2 1719903989724 12 36 0.15000000000000568
orderbuy 11850 20.4 1719903994542 12 36 0
buy 11850 20.4 1719903999401 12 36 0
ordersell 11850 21.4 1719903999401 12 36 0
cancelsell 11850 21.4 1719904004404 12 36 0
ordersell 11850 16.4 1719904004405 12 36 0
sell 11850 17.4 1719904009385 12 36 -2.8499999999999943
orderbuy 12525 20.2 1719904024525 12 37 0
buy 12525 20.2 1719904029396 12 37 0
ordersell 12525 21.2 1719904029396 12 37 0
cancelsell 12525 21.2 1719904224597 12 40 0
ordersell 12525 16.8 1719904224597 12 40 0
sell 12525 17.8 1719904229477 12 40 -5.249999999999993
orderbuy 11800 20.95 1719904329643 12 42 0
buy 11800 20.95 1719904334612 12 42 0
ordersell 11800 21.95 1719904334613 12 42 0
cancelsell 11800 21.95 1719904394692 12 43 0
ordersell 11800 17.15 1719904394692 12 43 0
sell 11800 18.15 1719904399636 12 43 -8.049999999999994
orderbuy 11825 20.7 1719904524713 12 45 0
buy 11825 20.7 1719904529660 12 45 0
ordersell 11825 21.7 1719904529660 12 45 0
cancelsell 11825 21.7 1719904839887 12 50 0
ordersell 11825 17.4 1719904839888 12 50 0
sell 11825 18.4 1719904844788 12 50 -10.349999999999994
orderbuy 11825 20.15 1719904874894 12 51 0
buy 11825 20.15 1719904879759 12 51 0
ordersell 11825 21.15 1719904879760 12 51 0
cancelsell 11825 21.15 1719905224929 12 57 0
ordersell 11825 17.05 1719905224929 12 57 0
sell 11825 18.05 1719905229864 12 57 -12.449999999999992
orderbuy 11825 23.95 1719905374905 12 59 0
buy 11825 23.95 1719905379943 12 59 0
ordersell 11825 24.95 1719905379943 12 59 0
cancelsell 11825 24.95 1719905389893 12 59 0
ordersell 11825 18.7 1719905389894 12 59 0
sell 11825 19.7 1719905394937 12 59 -16.699999999999992
orderbuy 11825 23.95 1719905410017 13 0 0
buy 11825 23.95 1719905414909 13 0 0
ordersell 11825 24.95 1719905414909 13 0 0
sell 11825 26 1719905485139 13 1 -14.649999999999991
orderbuy 11800 22.65 1719905489935 13 1 0
buy 11800 22.65 1719905494965 13 1 0
ordersell 11800 23.65 1719905494965 13 1 0
cancelsell 11800 23.65 1719905499967 13 1 0
ordersell 11800 19 1719905499967 13 1 0
sell 11800 20 1719905504947 13 1 -17.29999999999999
orderbuy 12475 20 1719905625037 13 3 0
buy 12475 19.6 1719905630202 13 3 0
ordersell 12475 20.6 1719905630203 13 3 0
sell 12475 22 1719905945210 13 9 -14.899999999999991
orderbuy 11800 21.55 1719906015133 13 10 0
buy 11800 21.55 1719906020130 13 10 0
ordersell 11800 22.55 1719906020130 13 10 0
cancelsell 11800 22.55 1719906270227 13 14 0
ordersell 11800 18.15 1719906270229 13 14 0
sell 11800 19.15 1719906275285 13 14 -17.29999999999999
orderbuy 11825 20.1 1719906770408 13 22 0
buy 11825 20.1 1719906775366 13 22 0
ordersell 11825 21.1 1719906775366 13 22 0
cancelsell 11825 21.1 1719906950396 13 25 0
ordersell 11825 15.600000000000001 1719906950396 13 25 0
sell 11825 16.6 1719906955414 13 25 -20.79999999999999
orderbuy 11850 21 1719907175511 13 29 0
buy 11850 21 1719907180469 13 29 0
ordersell 11850 22 1719907180469 13 29 0
cancelsell 11850 22 1719908270995 13 47 0
ordersell 11850 16.7 1719908270997 13 47 0
sell 11850 17.7 1719908275844 13 47 -24.09999999999999
orderbuy 12500 20.9 1719908506062 13 51 0
buy 12500 20.9 1719908510922 13 51 0
ordersell 12500 21.9 1719908510922 13 51 0
cancelsell 12500 21.9 1719908731064 13 55 0
ordersell 12500 17.65 1719908731066 13 55 0
sell 12500 18.65 1719908736000 13 55 -26.349999999999987
orderbuy 11825 20.9 1719908796030 13 56 0
buy 11825 20.9 1719908801032 13 56 0
ordersell 11825 21.9 1719908801033 13 56 0
cancelsell 11825 21.9 1719909021078 14 0 0
ordersell 11825 16.65 1719909021078 14 0 0
sell 11825 17.65 1719909026070 14 0 -29.599999999999987
orderbuy 11850 20.2 1719909321185 14 5 0
buy 11850 20.2 1719909326154 14 5 0
ordersell 11850 21.2 1719909326154 14 5 0
sell 11850 21.2 1719909601258 14 10 -28.599999999999984
orderbuy 11825 20 1719909631433 14 10 0
buy 11825 20 1719909636302 14 10 0
ordersell 11825 21 1719909636302 14 10 0
cancelsell 11825 21 1719910176520 14 19 0
ordersell 11825 15.899999999999999 1719910176520 14 19 0
sell 11825 16.9 1719910181427 14 19 -31.69999999999998
orderbuy 12500 20.25 1719911481884 14 41 0
buy 12500 20.25 1719911486810 14 41 0
ordersell 12500 21.25 1719911486810 14 41 0
sell 12500 21.85 1719911796938 14 46 -30.09999999999998
orderbuy 11900 20.45 1719911951945 14 49 0
buy 11900 20.45 1719911956919 14 49 0
ordersell 11900 21.45 1719911956920 14 49 0
sell 11900 21.75 1719912642273 15 0 -28.799999999999983
