orderbuy 12700 20 1720497132002 9 22 0
buy 12700 20 1720497136957 9 22 0
ordersell 12700 21 1720497136957 9 22 0
sell 12700 21.35 1720497352048 9 25 1.3500000000000014
orderbuy 12725 20 1720498202316 9 40 0
buy 12725 20 1720498207600 9 40 0
ordersell 12725 21 1720498207600 9 40 0
cancelsell 12725 21 1720498657919 9 47 0
ordersell 12725 16.15 1720498657922 9 47 0
sell 12725 17.15 1720498662535 9 47 -1.5
orderbuy 12075 21.6 1720499997908 10 9 0
buy 12075 21.6 1720500003434 10 10 0
ordersell 12075 22.6 1720500003434 10 10 0
sell 12075 24.1 1720500017927 10 10 1
orderbuy 12050 20.6 1720500022881 10 10 0
buy 12050 20.6 1720500027883 10 10 0
ordersell 12050 21.6 1720500027883 10 10 0
cancelsell 12050 21.6 1720500107929 10 11 0
ordersell 12050 17.3 1720500107931 10 11 0
sell 12050 18.3 1720500112903 10 11 -1.3000000000000007
orderbuy 12075 21.05 1720501113269 10 28 0
buy 12075 21.05 1720501118268 10 28 0
ordersell 12075 22.05 1720501118269 10 28 0
sell 12075 22.9 1720501308427 10 31 0.5499999999999972
orderbuy 12050 20.15 1720501313445 10 31 0
buy 12050 20.15 1720501318331 10 31 0
ordersell 12050 21.15 1720501318331 10 31 0
cancelsell 12050 21.15 1720501678684 10 37 0
ordersell 12050 17.1 1720501678687 10 37 0
sell 12050 18.1 1720501683511 10 38 -1.5
orderbuy 12100 20.55 1720502358728 10 49 0
buy 12100 20.55 1720502363913 10 49 0
ordersell 12100 21.55 1720502363914 10 49 0
sell 12100 21.55 1720502903874 10 58 -0.5
orderbuy 12075 20.85 1720503684210 11 11 0
buy 12075 20.85 1720503689173 11 11 0
ordersell 12075 21.85 1720503689173 11 11 0
cancelsell 12075 21.85 1720503799313 11 13 0
ordersell 12075 17.75 1720503799314 11 13 0
sell 12075 18.75 1720503804156 11 13 -2.6000000000000014
orderbuy 12100 20.1 1720504289363 11 21 0
buy 12100 20.1 1720504294406 11 21 0
ordersell 12100 21.1 1720504294406 11 21 0
