orderbuy 24600 24.2 1720583105417 9 15 0
buy 24600 23.2 1720583110449 9 15 0
ordersell 24600 24.2 1720583110450 9 15 0
cancelsell 24600 24.2 1720583214816 9 16 0
ordersell 24600 17.55 1720583214819 9 16 0
sell 24600 18.55 1720583219804 9 16 -4.649999999999999
orderbuy 24200 21.15 1720583652341 9 24 0
buy 24200 21.15 1720583655806 9 24 0
ordersell 24200 22.15 1720583655806 9 24 0
cancelsell 24200 22.15 1720584139222 9 32 0
ordersell 24200 17.75 1720584139226 9 32 0
sell 24200 18.75 1720584142605 9 32 -7.049999999999997
orderbuy 24200 20.95 1720585239442 9 50 0
buy 24200 20.95 1720585241413 9 50 0
ordersell 24200 21.95 1720585241413 9 50 0
cancelsell 24200 21.95 1720585529009 9 55 0
ordersell 24200 17.6 1720585529013 9 55 0
sell 24200 18.6 1720585532483 9 55 -9.399999999999995
orderbuy 24150 21.35 1720587051177 10 20 0
buy 24150 21.35 1720587056148 10 20 0
ordersell 24150 22.35 1720587056149 10 20 0
sell 24150 31.1 1720587121159 10 22 0.350000000000005
orderbuy 24100 22.35 1720587126130 10 22 0
buy 24100 22.35 1720587131588 10 22 0
ordersell 24100 23.35 1720587131588 10 22 0
sell 24100 24.85 1720587176143 10 22 2.850000000000005
orderbuy 24000 21.8 1720587541294 10 29 0
buy 24000 21.8 1720587546615 10 29 0
ordersell 24000 22.8 1720587546616 10 29 0
cancelsell 24000 22.8 1720587606375 10 30 0
ordersell 24000 18.4 1720587606375 10 30 0
sell 24000 19.4 1720587611268 10 30 0.45000000000000284
orderbuy 23950 20.35 1720588126478 10 38 0
buy 23950 20.35 1720588131443 10 38 0
ordersell 23950 21.35 1720588131443 10 38 0
sell 23950 21.95 1720588191543 10 39 2.0500000000000007
orderbuy 23900 22.3 1720588311560 10 41 0
buy 23900 22.3 1720588316591 10 41 0
ordersell 23900 23.3 1720588316591 10 41 0
cancelsell 23900 23.3 1720588571715 10 46 0
ordersell 23900 13.75 1720588571718 10 46 0
sell 23900 14.75 1720588576625 10 46 -5.5
orderbuy 24450 24.4 1720593493525 12 8 0
buy 24450 24.4 1720593498484 12 8 0
ordersell 24450 25.4 1720593498485 12 8 0
cancelsell 24450 25.4 1720594248775 12 20 0
ordersell 24450 19.7 1720594248779 12 20 0
sell 24450 20.7 1720594254095 12 20 -9.2
orderbuy 24050 23.15 1720600491223 14 4 0
buy 24050 23.15 1720600496161 14 4 0
ordersell 24050 24.15 1720600496161 14 4 0
cancelsell 24050 24.15 1720600571197 14 6 0
ordersell 24050 19.65 1720600571198 14 6 0
sell 24050 20.65 1720600576189 14 6 -11.699999999999996
orderbuy 24450 20.1 1720602406880 14 36 0
buy 24450 20.1 1720602411940 14 36 0
ordersell 24450 21.1 1720602411940 14 36 0
sell 24450 21.65 1720603432211 14 53 -10.149999999999999
