orderbuy 22300 23.55 1717645929284 9 22 0
buy 22300 23.55 1717645934315 9 22 0
ordersell 22300 24.55 1717645934315 9 22 0
sell 22300 29.8 1717645969332 9 22 -27.650000000000002
orderbuy 22250 24.4 1717645974310 9 22 0
buy 22250 24.4 1717645979310 9 22 0
ordersell 22250 25.4 1717645979310 9 22 0
cancelsell 22250 25.4 1717646024381 9 23 0
ordersell 22250 12.8 1717646024382 9 23 0
sell 22250 13.8 1717646029333 9 23 -38.25
orderbuy 22300 22.25 1717646234361 9 27 0
buy 22300 22.25 1717646239361 9 27 0
ordersell 22300 23.25 1717646239362 9 27 0
sell 22300 24.15 1717646259361 9 27 -36.35
orderbuy 22250 20.1 1717646389372 9 29 0
buy 22250 20.1 1717646394372 9 29 0
ordersell 22250 21.1 1717646394372 9 29 0
cancelsell 22250 21.1 1717646404415 9 30 0
ordersell 22250 14.2 1717646404415 9 30 0
sell 22250 15.2 1717646409380 9 30 -41.25
orderbuy 22400 20 1717646744353 9 35 0
buy 22400 20 1717646749349 9 35 0
ordersell 22400 21 1717646749349 9 35 0
sell 22400 22.25 1717647099410 9 41 -39
orderbuy 22400 20.15 1717647524488 9 48 0
buy 22400 20.15 1717647529479 9 48 0
ordersell 22400 21.15 1717647529479 9 48 0
sell 22400 23.1 1717647579497 9 49 -36.05
orderbuy 22450 21.2 1717647864646 9 54 0
buy 22450 21.2 1717647869539 9 54 0
ordersell 22450 22.2 1717647869539 9 54 0
sell 22450 24.45 1717647879590 9 54 -32.8
orderbuy 22450 21.2 1717647904572 9 55 0
buy 22450 21.2 1717647909574 9 55 0
ordersell 22450 22.2 1717647909574 9 55 0
sell 22450 23.8 1717647919621 9 55 -30.2
orderbuy 22600 20.75 1717653980799 11 36 0
buy 22600 20.75 1717653985758 11 36 0
ordersell 22600 21.75 1717653985758 11 36 0
sell 22600 25.6 1717653995833 11 36 -25.35
orderbuy 22450 21.2 1717655014184 11 53 0
buy 22450 21.2 1717655018066 11 53 0
ordersell 22450 22.2 1717655018066 11 53 0
cancelsell 22450 22.2 1717655036472 11 53 0
ordersell 22450 16.45 1717655036472 11 53 0
sell 22450 17.45 1717655041473 11 54 -29.099999999999998
orderbuy 22500 22.95 1717659484217 13 8 0
buy 22500 22.95 1717659488419 13 8 0
ordersell 22500 23.95 1717659488419 13 8 0
sell 22500 26.5 1717659493367 13 8 -25.549999999999997
