orderbuy 46800 22.55 1713152922676 9 18 0
orderbuy 46600 22.05 1713153007674 9 20 0
orderbuy 49100 20.6 1713153072816 9 21 0
orderbuy 46800 21.4 1713153092723 9 21 0
orderbuy 46700 22.05 1713153147709 9 22 0
orderbuy 49100 20.35 1713153202801 9 23 0
orderbuy 49100 20.8 1713153242748 9 24 0
orderbuy 46700 20.5 1713153347787 9 25 0
orderbuy 46700 20.65 1713153537830 9 28 0
orderbuy 46700 20.05 1713153967988 9 36 0
orderbuy 46800 20.1 1713154578210 9 46 0
orderbuy 46800 20.1 1713154603121 9 46 0
orderbuy 46800 20.1 1713154618114 9 46 0
orderbuy 46800 20.8 1713154703215 9 48 0
orderbuy 46800 20.2 1713154763170 9 49 0
orderbuy 46800 20.3 1713155058262 9 54 0
orderbuy 48900 20.05 1713155113265 9 55 0
orderbuy 46900 20.85 1713156113793 10 11 0
orderbuy 47000 20.15 1713156998766 10 26 0
orderbuy 47000 20.2 1713157123778 10 28 0
orderbuy 47000 20.2 1713157148816 10 29 0
orderbuy 47000 20.95 1713157443961 10 34 0
orderbuy 48900 20.15 1713157588915 10 36 0
orderbuy 49000 20.85 1713158824213 10 57 0
orderbuy 49000 20.2 1713159399368 11 6 0
orderbuy 47200 20 1713159859514 11 14 0
orderbuy 47200 20.6 1713160089554 11 18 0
orderbuy 47300 20.15 1713163960836 12 22 0
orderbuy 47300 20.3 1713164455759 12 30 0
orderbuy 47300 20.4 1713165655953 12 50 0
orderbuy 47200 20.15 1713166201129 13 0 0
orderbuy 47200 20.6 1713166456121 13 4 0
orderbuy 47200 21.25 1713168676768 13 41 0
orderbuy 47200 20.3 1713171082252 14 21 0
orderbuy 47100 22.1 1713171592447 14 29 0
orderbuy 47000 21.4 1713172667649 14 47 0
orderbuy 46900 20.6 1713172732694 14 48 0
orderbuy 46900 20.15 1713172872720 14 51 0
orderbuy 46900 20.15 1713172877748 14 51 0
orderbuy 46900 20.15 1713172882746 14 51 0
orderbuy 46900 20.15 1713172937789 14 52 0
orderbuy 46900 20.15 1713172942705 14 52 0
orderbuy 46900 20.15 1713172947840 14 52 0
orderbuy 46900 20.1 1713173207834 14 56 0
orderbuy 46900 20 1713173502840 15 1 0
