orderbuy 51100 29.5 1717559436866 9 20 0
orderbuy 48600 21.9 1717559841977 9 27 0
orderbuy 48700 20.25 1717560001953 9 30 0
orderbuy 48900 23.25 1717560137001 9 32 0
orderbuy 45300 21.5 1717560202070 9 33 0
orderbuy 45100 21.65 1717560321996 9 35 0
orderbuy 45100 20.95 1717560421995 9 37 0
orderbuy 45000 21.45 1717560582042 9 39 0
orderbuy 48500 20.2 1717560712065 9 41 0
orderbuy 45000 20.2 1717560792139 9 43 0
orderbuy 45000 22.5 1717560922107 9 45 0
orderbuy 44900 20.05 1717561067188 9 47 0
orderbuy 48300 20.8 1717561132188 9 48 0
orderbuy 44900 21.4 1717561357187 9 52 0
orderbuy 44800 22.45 1717561657523 9 57 0
orderbuy 48100 22.1 1717563467130 10 27 0
orderbuy 45100 20.75 1717563477351 10 27 0
orderbuy 48100 22.6 1717564512762 10 45 0
orderbuy 48500 22.65 1717565604613 11 3 0
orderbuy 45800 20.5 1717565621901 11 3 0
orderbuy 49300 24.25 1717566656969 11 20 0
