orderbuy 24500 24.45 1719546357825 9 15 0
buy 24500 23.45 1719546362465 9 16 0
ordersell 24500 24.45 1719546362466 9 16 0
sell 24500 24.8 1719546387685 9 16 1.3500000000000014
orderbuy 24550 22.4 1719546422572 9 17 0
buy 24550 22.4 1719546427573 9 17 0
ordersell 24550 23.4 1719546427573 9 17 0
sell 24550 24.4 1719546662651 9 21 3.3500000000000014
orderbuy 24550 21.3 1719546717902 9 21 0
buy 24550 21.3 1719546723144 9 22 0
ordersell 24550 22.3 1719546723144 9 22 0
sell 24550 22.5 1719546782755 9 23 4.550000000000001
orderbuy 24600 23.9 1719547843054 9 40 0
buy 24600 23.9 1719547848130 9 40 0
ordersell 24600 24.9 1719547848131 9 40 0
sell 24600 26.05 1719547923267 9 42 6.700000000000003
orderbuy 24650 20.4 1719547928159 9 42 0
buy 24650 20.4 1719547933193 9 42 0
ordersell 24650 21.4 1719547933193 9 42 0
sell 24650 22 1719547988113 9 43 8.300000000000004
orderbuy 23450 20.2 1719548088149 9 44 0
buy 23450 20.2 1719548093173 9 44 0
ordersell 23450 21.2 1719548093175 9 44 0
cancelsell 23450 21.2 1719550774193 10 29 0
ordersell 23450 16.75 1719550774196 10 29 0
sell 23450 17.75 1719550779489 10 29 5.850000000000005
orderbuy 23500 20.05 1719551089159 10 34 0
buy 23500 20.05 1719551094271 10 34 0
ordersell 23500 21.05 1719551094271 10 34 0
sell 23500 21.6 1719557296851 12 18 7.400000000000006
orderbuy 24550 20.6 1719557776972 12 26 0
buy 24550 20.6 1719557782142 12 26 0
ordersell 24550 21.6 1719557782142 12 26 0
sell 24550 21.6 1719557937074 12 28 8.400000000000006
orderbuy 23450 20.4 1719558102061 12 31 0
buy 23450 19.55 1719558106961 12 31 0
ordersell 23450 20.55 1719558106961 12 31 0
sell 23450 20.7 1719558457138 12 37 9.550000000000004
orderbuy 23400 20 1719559332648 12 52 0
buy 23400 20 1719559337690 12 52 0
ordersell 23400 21 1719559337693 12 52 0
cancelsell 23400 21 1719559993191 13 3 0
ordersell 23400 16.85 1719559993195 13 3 0
sell 23400 17.85 1719559998032 13 3 7.400000000000006
orderbuy 23450 20.55 1719560260158 13 7 0
buy 23450 20.55 1719560263115 13 7 0
ordersell 23450 21.55 1719560263116 13 7 0
cancelsell 23450 21.55 1719560833309 13 17 0
ordersell 23450 16.95 1719560833313 13 17 0
sell 23450 17.95 1719560838273 13 17 4.800000000000004
orderbuy 24550 20.2 1719561653345 13 30 0
buy 24550 20.2 1719561658350 13 30 0
ordersell 24550 21.2 1719561658350 13 30 0
sell 24550 21.35 1719563479112 14 1 5.950000000000006
orderbuy 23550 20.05 1719564039050 14 10 0
buy 23550 19.9 1719564114179 14 11 0
ordersell 23550 20.9 1719564114181 14 11 0
sell 23550 22.9 1719565425105 14 33 8.950000000000006
orderbuy 23500 20 1719566014941 14 43 0
buy 23500 20 1719566019891 14 43 0
ordersell 23500 21 1719566019891 14 43 0
cancelsell 23500 21 1719566149897 14 45 0
ordersell 23500 16.2 1719566149900 14 45 0
sell 23500 17.2 1719566155374 14 45 6.150000000000006
orderbuy 24550 21.05 1719566540345 14 52 0
buy 24550 21.05 1719566545239 14 52 0
ordersell 24550 22.05 1719566545240 14 52 0
cancelsell 24550 22.05 1719566965633 14 59 0
ordersell 24550 17.3 1719566965637 14 59 0
sell 24550 18.3 1719566970324 14 59 3.4000000000000057
orderbuy 23550 21.15 1719567115404 15 1 0
