orderbuy 51300 20.55 1719373678097 9 17 0
orderbuy 51300 20.55 1719373683089 9 18 0
orderbuy 51300 20.55 1719373688094 9 18 0
orderbuy 51300 20.55 1719373693166 9 18 0
orderbuy 51300 20.55 1719373698200 9 18 0
orderbuy 51300 20.55 1719373703248 9 18 0
orderbuy 51300 20.55 1719373708454 9 18 0
orderbuy 51300 20.55 1719373713159 9 18 0
orderbuy 53700 24.8 1719373758146 9 19 0
orderbuy 51400 20 1719374033223 9 23 0
orderbuy 51400 20.25 1719374543349 9 32 0
orderbuy 51400 20.25 1719374563421 9 32 0
orderbuy 51400 20.25 1719374578423 9 32 0
orderbuy 53500 20.45 1719374673395 9 34 0
orderbuy 51500 22.7 1719374703392 9 35 0
orderbuy 53500 20.45 1719374718386 9 35 0
orderbuy 53600 20.8 1719374993609 9 39 0
orderbuy 51600 20.2 1719375078733 9 41 0
orderbuy 51500 22.2 1719375348795 9 45 0
orderbuy 51400 21 1719375433794 9 47 0
orderbuy 53400 23.35 1719375763879 9 52 0
orderbuy 53400 20.05 1719375793848 9 53 0
orderbuy 53400 20.05 1719375798842 9 53 0
orderbuy 53400 20.05 1719375803874 9 53 0
orderbuy 53400 20.05 1719375809077 9 53 0
orderbuy 53400 20.05 1719375813883 9 53 0
orderbuy 53400 20.05 1719375819052 9 53 0
orderbuy 53400 20.05 1719375823929 9 53 0
orderbuy 53400 20.05 1719375829233 9 53 0
orderbuy 53400 20.05 1719375833911 9 53 0
orderbuy 53400 20.05 1719375838871 9 53 0
orderbuy 53500 20.2 1719375913920 9 55 0
orderbuy 51500 20.7 1719376094072 9 58 0
orderbuy 53400 20 1719376379051 10 2 0
orderbuy 53400 20.9 1719376404260 10 3 0
orderbuy 53400 21 1719376634221 10 7 0
orderbuy 51500 22.15 1719376769267 10 9 0
orderbuy 53400 20.4 1719376854272 10 10 0
orderbuy 53400 20.05 1719377269345 10 17 0
orderbuy 53500 20 1719377284456 10 18 0
orderbuy 51600 20.35 1719377346602 10 19 0
orderbuy 53500 20.1 1719377439539 10 20 0
orderbuy 53600 20.75 1719377554708 10 22 0
orderbuy 53500 21.85 1719377704789 10 25 0
orderbuy 51700 21.75 1719377749628 10 25 0
orderbuy 51700 21.75 1719377769624 10 26 0
orderbuy 53400 21.6 1719377819736 10 26 0
orderbuy 53400 21.6 1719377824678 10 27 0
orderbuy 53400 21.6 1719377829725 10 27 0
orderbuy 53400 21.6 1719377849782 10 27 0
orderbuy 53400 20.25 1719377854812 10 27 0
orderbuy 51800 20.85 1719378209836 10 33 0
orderbuy 51800 20.85 1719378244846 10 34 0
orderbuy 53400 21.3 1719378254961 10 34 0
orderbuy 53400 21.3 1719378259845 10 34 0
orderbuy 53400 21.3 1719378264846 10 34 0
orderbuy 53400 20.4 1719378269997 10 34 0
orderbuy 53400 20.4 1719378274825 10 34 0
orderbuy 53400 20.4 1719378279871 10 34 0
orderbuy 53400 20.4 1719378284842 10 34 0
orderbuy 53400 20.4 1719378289934 10 34 0
orderbuy 53400 20.4 1719378294915 10 34 0
orderbuy 53400 20.4 1719378299869 10 34 0
orderbuy 53400 20.4 1719378304885 10 35 0
orderbuy 53400 20.2 1719378439999 10 37 0
orderbuy 53400 20.2 1719378464982 10 37 0
orderbuy 53400 20.15 1719378945277 10 45 0
orderbuy 53400 21.7 1719379040148 10 47 0
orderbuy 51900 20.6 1719379045184 10 47 0
orderbuy 51900 20.6 1719379050225 10 47 0
orderbuy 51900 20.6 1719379055262 10 47 0
orderbuy 51900 20.6 1719379060163 10 47 0
orderbuy 51900 20.6 1719379065169 10 47 0
orderbuy 51900 20.6 1719379070392 10 47 0
orderbuy 51900 20.6 1719379075235 10 47 0
orderbuy 51900 20.6 1719379080179 10 48 0
orderbuy 51900 20.6 1719379085202 10 48 0
orderbuy 51900 20.6 1719379090159 10 48 0
orderbuy 51900 20.6 1719379095192 10 48 0
orderbuy 53500 21.65 1719379755440 10 59 0
orderbuy 53600 20.9 1719380375571 11 9 0
orderbuy 53600 22 1719382356408 11 42 0
orderbuy 53600 23.1 1719382871563 11 51 0
orderbuy 52400 20 1719383556772 12 2 0
orderbuy 52400 20 1719383561953 12 2 0
orderbuy 52400 20 1719383566835 12 2 0
orderbuy 52400 20 1719383571726 12 2 0
orderbuy 52400 20 1719383576757 12 2 0
orderbuy 52400 20 1719383581805 12 3 0
orderbuy 52400 20 1719383587256 12 3 0
orderbuy 52400 20 1719383592148 12 3 0
orderbuy 52400 20 1719383596785 12 3 0
orderbuy 52400 20 1719383601777 12 3 0
orderbuy 52400 20 1719383606732 12 3 0
orderbuy 52400 20.25 1719383611792 12 3 0
orderbuy 52400 20.25 1719383616818 12 3 0
orderbuy 52400 20.25 1719383621827 12 3 0
orderbuy 52400 20.25 1719383626819 12 3 0
orderbuy 52400 21.45 1719384217056 12 13 0
orderbuy 52400 21.45 1719384222043 12 13 0
orderbuy 52400 21.45 1719384227017 12 13 0
orderbuy 52400 21.45 1719384232103 12 13 0
orderbuy 52400 21.45 1719384236964 12 13 0
orderbuy 52400 21.45 1719384242034 12 14 0
orderbuy 52400 21.45 1719384246985 12 14 0
orderbuy 52400 21.45 1719384251994 12 14 0
orderbuy 52400 21.45 1719384256997 12 14 0
orderbuy 52400 21.45 1719384262026 12 14 0
orderbuy 52400 21.45 1719384266972 12 14 0
orderbuy 52400 21.45 1719384272056 12 14 0
orderbuy 52400 21.45 1719384276994 12 14 0
orderbuy 52400 21.45 1719384282013 12 14 0
orderbuy 52400 21.45 1719384287015 12 14 0
orderbuy 52400 21.45 1719384292030 12 14 0
orderbuy 52400 21.45 1719384296996 12 14 0
orderbuy 52400 21.6 1719384302074 12 15 0
orderbuy 52400 21.6 1719384306991 12 15 0
orderbuy 52400 21.6 1719384312003 12 15 0
orderbuy 52400 21.6 1719384317031 12 15 0
orderbuy 52400 21.6 1719384322004 12 15 0
orderbuy 52400 21.6 1719384327240 12 15 0
orderbuy 52400 21.6 1719384332014 12 15 0
orderbuy 53500 20.9 1719384717213 12 21 0
orderbuy 52400 20.25 1719384982326 12 26 0
orderbuy 52400 20.45 1719385177415 12 29 0
orderbuy 52300 20.1 1719385337449 12 32 0
orderbuy 53400 20.05 1719385607464 12 36 0
orderbuy 52400 21.15 1719387052957 13 0 0
orderbuy 52300 23.2 1719387233286 13 3 0
orderbuy 52200 20 1719387343131 13 5 0
orderbuy 53200 21.4 1719387543467 13 9 0
orderbuy 53300 21.65 1719388153514 13 19 0
orderbuy 53300 22.55 1719389509062 13 41 0
orderbuy 52600 20.2 1719389814048 13 46 0
