orderbuy 50800 20.45 1720756030865 9 17 0
orderbuy 53700 21.5 1720756040733 9 17 0
orderbuy 50800 20.45 1720756055628 9 17 0
orderbuy 53700 21.5 1720756072566 9 17 0
orderbuy 50800 20.45 1720756082574 9 18 0
orderbuy 53600 20.75 1720756177650 9 19 0
orderbuy 53600 20.75 1720756182615 9 19 0
orderbuy 53600 20.75 1720756187688 9 19 0
orderbuy 53600 20.75 1720756192606 9 19 0
orderbuy 53600 20.75 1720756197772 9 19 0
orderbuy 53600 20.05 1720756397718 9 23 0
orderbuy 50800 21 1720756457630 9 24 0
orderbuy 53700 20.5 1720756602720 9 26 0
orderbuy 50900 20.25 1720757373187 9 39 0
orderbuy 53700 21.6 1720757648368 9 44 0
orderbuy 51000 20.45 1720757788367 9 46 0
orderbuy 50800 21.1 1720758173421 9 52 0
orderbuy 53600 20.2 1720758243705 9 54 0
orderbuy 53600 20.2 1720758283486 9 54 0
orderbuy 50800 21.8 1720758473583 9 57 0
orderbuy 53600 20.3 1720759078719 10 7 0
orderbuy 50900 20.75 1720759303835 10 11 0
orderbuy 50900 20 1720759699037 10 18 0
orderbuy 53600 21.85 1720761895008 10 54 0
orderbuy 51000 20.75 1720761910234 10 55 0
orderbuy 53600 21.85 1720761919985 10 55 0
orderbuy 53700 21.55 1720762195105 10 59 0
orderbuy 53800 24.75 1720762340180 11 2 0
orderbuy 53900 20.55 1720762420197 11 3 0
orderbuy 54000 20.95 1720762490223 11 4 0
orderbuy 51000 20.1 1720762495248 11 4 0
orderbuy 54100 23.75 1720762560273 11 6 0
orderbuy 54000 20.3 1720762770295 11 9 0
orderbuy 54000 20.3 1720762775344 11 9 0
orderbuy 54000 20.3 1720762780325 11 9 0
orderbuy 54000 20.3 1720762785319 11 9 0
orderbuy 54000 20.3 1720762790344 11 9 0
orderbuy 54000 20.3 1720762795827 11 9 0
orderbuy 54000 20.3 1720762800302 11 10 0
orderbuy 54000 20.3 1720762805429 11 10 0
orderbuy 54000 20.3 1720762810379 11 10 0
orderbuy 54000 20.3 1720762815460 11 10 0
orderbuy 54000 20.3 1720762820359 11 10 0
orderbuy 54000 20.3 1720762825301 11 10 0
orderbuy 54000 20.3 1720762830401 11 10 0
orderbuy 54000 20.15 1720762835329 11 10 0
orderbuy 54000 20.15 1720762840335 11 10 0
orderbuy 54000 20.15 1720762845335 11 10 0
orderbuy 53900 20.95 1720762975398 11 12 0
orderbuy 51000 20.7 1720763105507 11 15 0
orderbuy 53800 21.05 1720763110453 11 15 0
orderbuy 53800 21.05 1720763115464 11 15 0
orderbuy 53800 21.05 1720763120565 11 15 0
orderbuy 53800 21.05 1720763125478 11 15 0
orderbuy 53800 21.05 1720763130511 11 15 0
orderbuy 53800 21.05 1720763145810 11 15 0
orderbuy 53800 21.05 1720763150474 11 15 0
orderbuy 53800 21.05 1720763155512 11 15 0
orderbuy 51000 20.35 1720763545874 11 22 0
orderbuy 51000 20 1720763911009 11 28 0
orderbuy 51000 20.1 1720763996383 11 29 0
orderbuy 53800 20.15 1720764115991 11 31 0
orderbuy 51000 20.15 1720764401022 11 36 0
orderbuy 51000 20.3 1720764811190 11 43 0
orderbuy 53800 21.3 1720765231410 11 50 0
orderbuy 51000 20.1 1720768612720 12 46 0
orderbuy 53800 20.05 1720770723717 13 22 0
orderbuy 53800 20.05 1720770753590 13 22 0
orderbuy 51100 20.25 1720771558888 13 35 0
orderbuy 51100 20.4 1720773059589 14 0 0
orderbuy 51100 20.25 1720773875174 14 14 0
orderbuy 51100 20.7 1720774184943 14 19 0
orderbuy 51100 20.2 1720774850207 14 30 0
orderbuy 51100 20.05 1720775035336 14 33 0
orderbuy 51100 20.05 1720775060262 14 34 0
orderbuy 53600 20 1720775775607 14 46 0
orderbuy 51000 20.3 1720775891249 14 48 0
orderbuy 51000 20.3 1720775920599 14 48 0
orderbuy 53600 20 1720775990439 14 49 0
orderbuy 53600 20.55 1720776415601 14 56 0
orderbuy 51000 21.2 1720776695772 15 1 0
