orderbuy 12600 24.05 1720410617856 9 20 0
buy 12600 24.05 1720410622858 9 20 0
ordersell 12600 25.05 1720410622859 9 20 0
sell 12600 26 1720410768883 9 22 1.9499999999999993
orderbuy 12500 22.75 1720411027967 9 27 0
buy 12500 22.75 1720411032945 9 27 0
ordersell 12500 23.75 1720411032946 9 27 0
sell 12500 25.9 1720411107992 9 28 5.099999999999998
orderbuy 12475 20.4 1720411122947 9 28 0
buy 12475 20.4 1720411128371 9 28 0
ordersell 12475 21.4 1720411128371 9 28 0
cancelsell 12475 21.4 1720411188015 9 29 0
ordersell 12475 12.55 1720411188017 9 29 0
sell 12475 13.55 1720411192959 9 29 -1.75
orderbuy 12425 22.15 1720412048172 9 44 0
buy 12425 22.15 1720412053195 9 44 0
ordersell 12425 23.15 1720412053196 9 44 0
sell 12425 25.3 1720412128139 9 45 1.4000000000000021
orderbuy 12525 23.35 1720412443319 9 50 0
buy 12525 23.35 1720412448307 9 50 0
ordersell 12525 24.35 1720412448308 9 50 0
cancelsell 12525 24.35 1720412538408 9 52 0
ordersell 12525 20.2 1720412538408 9 52 0
sell 12525 21.2 1720412543338 9 52 -0.75
orderbuy 12525 21.65 1720413328531 10 5 0
buy 12525 21.65 1720413333500 10 5 0
ordersell 12525 22.65 1720413333500 10 5 0
sell 12525 23.85 1720413558612 10 9 1.4500000000000028
orderbuy 12425 23.5 1720415319269 10 38 0
buy 12425 23.5 1720415324132 10 38 0
ordersell 12425 24.5 1720415324132 10 38 0
cancelsell 12425 24.5 1720415534190 10 42 0
ordersell 12425 10.45 1720415534192 10 42 0
sell 12425 11.45 1720415539170 10 42 -10.599999999999998
orderbuy 12450 20.15 1720415549197 10 42 0
buy 12450 20.15 1720415554189 10 42 0
ordersell 12450 21.15 1720415554190 10 42 0
cancelsell 12450 21.15 1720415564182 10 42 0
ordersell 12450 15.8 1720415564183 10 42 0
sell 12450 16.8 1720415569217 10 42 -13.949999999999996
orderbuy 12450 22 1720415874281 10 47 0
buy 12450 22 1720415879407 10 47 0
ordersell 12450 23 1720415879412 10 47 0
cancelsell 12450 23 1720415884379 10 48 0
ordersell 12450 14.9 1720415884379 10 48 0
sell 12450 15.9 1720415889277 10 48 -20.049999999999997
orderbuy 12450 22 1720415899263 10 48 0
buy 12450 22 1720415904258 10 48 0
ordersell 12450 23 1720415904258 10 48 0
sell 12450 39.95 1720416234508 10 53 -2.0999999999999943
orderbuy 12400 20 1720416239306 10 53 0
buy 12400 20 1720416244406 10 54 0
ordersell 12400 21 1720416244406 10 54 0
sell 12400 21.45 1720416249310 10 54 -0.649999999999995
orderbuy 12400 20.4 1720416619426 11 0 0
buy 12400 20.4 1720416624398 11 0 0
ordersell 12400 21.4 1720416624399 11 0 0
sell 12400 21.9 1720416659392 11 0 0.850000000000005
orderbuy 12375 21.3 1720416724452 11 2 0
buy 12375 21.3 1720416729410 11 2 0
ordersell 12375 22.3 1720416729410 11 2 0
cancelsell 12375 22.3 1720416740017 11 2 0
ordersell 12375 15.100000000000001 1720416740017 11 2 0
sell 12375 16.1 1720416744388 11 2 -4.349999999999994
orderbuy 12375 21.3 1720416754418 11 2 0
buy 12375 21.3 1720416759431 11 2 0
ordersell 12375 22.3 1720416759432 11 2 0
cancelsell 12375 22.3 1720416764536 11 2 0
ordersell 12375 15.100000000000001 1720416764537 11 2 0
sell 12375 16.1 1720416769580 11 2 -9.549999999999994
orderbuy 12375 21.3 1720416779486 11 2 0
buy 12375 21.3 1720416784419 11 3 0
ordersell 12375 22.3 1720416784420 11 3 0
sell 12375 22.5 1720416959491 11 5 -8.349999999999994
orderbuy 12350 21.5 1720417354639 11 12 0
buy 12350 21.5 1720417359692 11 12 0
ordersell 12350 22.5 1720417359692 11 12 0
cancelsell 12350 22.5 1720417507623 11 15 0
ordersell 12350 17 1720417507625 11 15 0
sell 12350 18 1720417512568 11 15 -11.849999999999994
orderbuy 12350 22.3 1720418077722 11 24 0
buy 12350 22.3 1720418082675 11 24 0
ordersell 12350 23.3 1720418082675 11 24 0
sell 12350 23.55 1720418227702 11 27 -10.59999999999999
orderbuy 12350 20.4 1720418582749 11 33 0
buy 12350 20.4 1720418587869 11 33 0
ordersell 12350 21.4 1720418587869 11 33 0
sell 12350 22.25 1720418792840 11 36 -8.74999999999999
orderbuy 12325 23.2 1720418997946 11 39 0
buy 12325 23.2 1720419002930 11 40 0
ordersell 12325 24.2 1720419002930 11 40 0
sell 12325 37.35 1720419147963 11 42 5.400000000000013
orderbuy 12300 24.95 1720419243082 11 44 0
buy 12300 24.95 1720419248053 11 44 0
ordersell 12300 25.95 1720419248053 11 44 0
cancelsell 12300 25.95 1720419538056 11 48 0
ordersell 12300 21 1720419538058 11 48 0
sell 12300 22 1720419543014 11 49 2.4500000000000135
orderbuy 12400 21.7 1720419743026 11 52 0
buy 12400 21.7 1720419748089 11 52 0
ordersell 12400 22.7 1720419748089 11 52 0
cancelsell 12400 22.7 1720419823091 11 53 0
ordersell 12400 17.55 1720419823093 11 53 0
sell 12400 18.55 1720419828041 11 53 -0.6999999999999851
orderbuy 12300 22.15 1720420063211 11 57 0
buy 12300 22.15 1720420068435 11 57 0
ordersell 12300 23.15 1720420068436 11 57 0
cancelsell 12300 23.15 1720420078120 11 57 0
ordersell 12300 18.35 1720420078121 11 57 0
sell 12300 19.35 1720420083199 11 58 -3.4999999999999822
orderbuy 12325 21.15 1720422823721 12 43 0
buy 12325 21.15 1720422828714 12 43 0
ordersell 12325 22.15 1720422828715 12 43 0
cancelsell 12325 22.15 1720422893971 12 44 0
ordersell 12325 17.1 1720422893973 12 44 0
sell 12325 18.1 1720422899163 12 44 -6.549999999999979
orderbuy 12350 20.15 1720423788913 12 59 0
buy 12350 20.15 1720423793909 12 59 0
ordersell 12350 21.15 1720423793909 12 59 0
sell 12350 21.55 1720423943977 13 2 -5.149999999999977
orderbuy 12375 22.8 1720424979207 13 19 0
buy 12375 22.8 1720424984203 13 19 0
ordersell 12375 23.8 1720424984203 13 19 0
cancelsell 12375 23.8 1720425244202 13 24 0
ordersell 12375 17.55 1720425244205 13 24 0
sell 12375 18.55 1720425249303 13 24 -9.399999999999977
orderbuy 12350 24.55 1720425519256 13 28 0
buy 12350 24.55 1720425524275 13 28 0
ordersell 12350 25.55 1720425524275 13 28 0
sell 12350 40.15 1720425872342 13 34 6.200000000000024
orderbuy 12325 23.8 1720425877345 13 34 0
buy 12325 23.8 1720425912656 13 35 0
ordersell 12325 24.8 1720425912656 13 35 0
sell 12325 25.8 1720425937375 13 35 8.200000000000024
orderbuy 12325 20.6 1720425992382 13 36 0
buy 12325 20.6 1720425997403 13 36 0
ordersell 12325 21.6 1720425997403 13 36 0
cancelsell 12325 21.6 1720427552660 14 2 0
ordersell 12325 14.25 1720427552666 14 2 0
sell 12325 15.25 1720427557674 14 2 2.8500000000000227
