orderbuy 11100 21.9 1712893834441 9 20 0
buy 11100 21.9 1712893839401 9 20 0
ordersell 11100 22.9 1712893839401 9 20 0
cancelsell 11100 22.9 1712893859474 9 20 0
ordersell 11100 16.55 1712893859474 9 20 0
sell 11100 17.55 1712893864413 9 21 -4.349999999999998
orderbuy 11100 21.75 1712893899532 9 21 0
buy 11100 21.75 1712893904421 9 21 0
ordersell 11100 22.75 1712893904421 9 21 0
sell 11100 23.6 1712894019792 9 23 -2.4999999999999964
orderbuy 10850 20.05 1712894444587 9 30 0
buy 10850 20.05 1712894449575 9 30 0
ordersell 10850 21.05 1712894449576 9 30 0
sell 10850 21.6 1712894539748 9 32 -0.9499999999999957
orderbuy 10850 23.35 1712895354877 9 45 0
buy 10850 23.35 1712895359821 9 45 0
ordersell 10850 24.35 1712895359822 9 45 0
cancelsell 10850 24.35 1712895439867 9 47 0
ordersell 10850 20.1 1712895439869 9 47 0
sell 10850 21.1 1712895444832 9 47 -3.1999999999999957
orderbuy 10850 20.3 1712895639967 9 50 0
buy 10850 20.3 1712895644981 9 50 0
ordersell 10850 21.3 1712895644981 9 50 0
cancelsell 10850 21.3 1712898078477 10 31 0
ordersell 10850 17.1 1712898078480 10 31 0
sell 10850 18.1 1712898083629 10 31 -5.399999999999995
orderbuy 11100 20 1712899461495 10 54 0
buy 11100 20 1712899466428 10 54 0
ordersell 11100 21 1712899466428 10 54 0
cancelsell 11100 21 1712902576380 11 46 0
ordersell 11100 16.55 1712902576383 11 46 0
sell 11100 17.55 1712902581365 11 46 -7.849999999999994
orderbuy 10900 20.8 1712904626944 12 20 0
buy 10900 20.8 1712904631866 12 20 0
ordersell 10900 21.8 1712904631866 12 20 0
sell 10900 22.5 1712905597174 12 36 -6.149999999999995
orderbuy 10875 21.1 1712905722263 12 38 0
buy 10875 21.1 1712905727139 12 38 0
ordersell 10875 22.1 1712905727141 12 38 0
sell 10875 24.95 1712905982213 12 43 -2.299999999999997
orderbuy 10850 20.6 1712905987248 12 43 0
buy 10850 20.6 1712905992199 12 43 0
ordersell 10850 21.6 1712905992199 12 43 0
sell 10850 23.2 1712906517466 12 51 0.3000000000000007
orderbuy 11075 20.05 1712907222508 13 3 0
buy 11075 20.05 1712907227487 13 3 0
ordersell 11075 21.05 1712907227487 13 3 0
cancelsell 11075 21.05 1712907663163 13 11 0
ordersell 11075 15.7 1712907663166 13 11 0
sell 11075 16.7 1712907667599 13 11 -3.0500000000000007
orderbuy 10875 20.55 1712909393046 13 39 0
buy 10875 20.55 1712909398002 13 39 0
ordersell 10875 21.55 1712909398003 13 39 0
cancelsell 10875 21.55 1712910098168 13 51 0
ordersell 10875 17.35 1712910098171 13 51 0
sell 10875 18.35 1712910103231 13 51 -5.25
orderbuy 10875 20.7 1712913854148 14 54 0
buy 10875 20.7 1712913859139 14 54 0
ordersell 10875 21.7 1712913859140 14 54 0
sell 10875 22.45 1712913969286 14 56 -3.5
