orderbuy 11275 24.35 1715053720975 9 18 0
buy 11275 23.35 1715053726098 9 18 0
ordersell 11275 24.35 1715053726099 9 18 0
cancelsell 11275 24.35 1715053816022 9 20 0
ordersell 11275 17.9 1715053816022 9 20 0
sell 11275 18.9 1715053820979 9 20 -7.049999999999997
orderbuy 10600 20.9 1715053876002 9 21 0
buy 10600 20.9 1715053881109 9 21 0
ordersell 10600 21.9 1715053881110 9 21 0
cancelsell 10600 21.9 1715054066051 9 24 0
ordersell 10600 16.8 1715054066054 9 24 0
sell 10600 17.8 1715054071064 9 24 -10.149999999999995
orderbuy 11275 20.7 1715054176096 9 26 0
buy 11275 20.7 1715054181049 9 26 0
ordersell 11275 21.7 1715054181050 9 26 0
sell 11275 22.55 1715054316174 9 28 -8.299999999999994
orderbuy 10675 20.6 1715054356183 9 29 0
buy 10675 20.6 1715054361083 9 29 0
ordersell 10675 21.6 1715054361083 9 29 0
cancelsell 10675 21.6 1715054721198 9 35 0
ordersell 10675 17.4 1715054721200 9 35 0
sell 10675 18.4 1715054726171 9 35 -10.499999999999996
orderbuy 10675 20.5 1715054786274 9 36 0
buy 10675 20.5 1715054791184 9 36 0
ordersell 10675 21.5 1715054791184 9 36 0
cancelsell 10675 21.5 1715055192657 9 43 0
ordersell 10675 17.3 1715055192659 9 43 0
sell 10675 18.3 1715055196282 9 43 -12.699999999999996
orderbuy 10700 20.5 1715055711358 9 51 0
buy 10700 20.5 1715055716350 9 51 0
ordersell 10700 21.5 1715055716350 9 51 0
sell 10700 47.95 1715062804997 11 50 14.750000000000007
orderbuy 10550 21.15 1715062809872 11 50 0
buy 10550 21.15 1715062814933 11 50 0
ordersell 10550 22.15 1715062814933 11 50 0
sell 10550 23.2 1715062889918 11 51 16.800000000000008
