orderbuy 21950 20.05 1715140132978 9 18 0
buy 21950 20.05 1715140137943 9 18 0
ordersell 21950 21.05 1715140137943 9 18 0
sell 21950 22.95 1715140147962 9 19 14.849999999999987
orderbuy 21950 20.05 1715140157956 9 19 0
buy 21950 20.05 1715140163011 9 19 0
ordersell 21950 21.05 1715140163012 9 19 0
cancelsell 21950 21.05 1715140423035 9 23 0
ordersell 21950 15.2 1715140423035 9 23 0
sell 21950 16.2 1715140428011 9 23 10.999999999999986
orderbuy 22550 20.15 1715140763081 9 29 0
buy 22550 20.15 1715140768164 9 29 0
ordersell 22550 21.15 1715140768165 9 29 0
cancelsell 22550 21.15 1715141553209 9 42 0
ordersell 22550 15.7 1715141553213 9 42 0
sell 22550 16.7 1715141558258 9 42 7.5499999999999865
orderbuy 22550 20.75 1715141838369 9 47 0
buy 22550 18.65 1715141843261 9 47 0
ordersell 22550 19.65 1715141843261 9 47 0
sell 22550 20.75 1715141858271 9 47 9.649999999999988
orderbuy 22000 20.05 1715142058282 9 50 0
buy 22000 20.05 1715142063365 9 51 0
ordersell 22000 21.05 1715142063366 9 51 0
sell 22000 21.2 1715142248327 9 54 10.799999999999986
orderbuy 22550 21.05 1715143168602 10 9 0
buy 22550 21.05 1715143173588 10 9 0
ordersell 22550 22.05 1715143173589 10 9 0
sell 22550 22.05 1715143238641 10 10 11.799999999999986
orderbuy 22000 20.85 1715144005676 10 23 0
buy 22000 20.85 1715144010379 10 23 0
ordersell 22000 21.85 1715144010380 10 23 0
cancelsell 22000 21.85 1715144110331 10 25 0
ordersell 22000 17.2 1715144110332 10 25 0
sell 22000 18.2 1715144115253 10 25 9.149999999999984
orderbuy 22450 21.1 1715144600760 10 33 0
buy 22450 21.1 1715144605357 10 33 0
ordersell 22450 22.1 1715144605357 10 33 0
sell 22450 23.3 1715144845369 10 37 11.349999999999984
