orderbuy 11050 20.2 1714967669387 9 24 0
buy 11050 20.2 1714967674386 9 24 0
ordersell 11050 21.2 1714967674387 9 24 0
cancelsell 11050 21.2 1714967739420 9 25 0
ordersell 11050 15.899999999999999 1714967739422 9 25 0
sell 11050 16.9 1714967744589 9 25 6.300000000000004
orderbuy 11075 20.25 1714967814506 9 26 0
buy 11075 20.25 1714967819394 9 26 0
ordersell 11075 21.25 1714967819394 9 26 0
cancelsell 11075 21.25 1714968189556 9 33 0
ordersell 11075 14.6 1714968189558 9 33 0
sell 11075 15.6 1714968194511 9 33 1.650000000000004
orderbuy 11075 24.6 1714968829694 9 43 0
buy 11075 24.6 1714968834714 9 43 0
ordersell 11075 25.6 1714968834714 9 43 0
cancelsell 11075 25.6 1714969059777 9 47 0
ordersell 11075 19.35 1714969059778 9 47 0
sell 11075 20.35 1714969064709 9 47 -2.5999999999999943
