orderbuy 47400 20.05 1715140022924 9 17 0
orderbuy 48900 21.1 1715140077926 9 17 0
orderbuy 48900 22 1715140127952 9 18 0
orderbuy 47400 20.2 1715140668103 9 27 0
orderbuy 48800 20.75 1715140868120 9 31 0
orderbuy 48900 22.15 1715141003154 9 33 0
orderbuy 47400 20.1 1715141008164 9 33 0
orderbuy 47400 20.1 1715141013126 9 33 0
orderbuy 48900 22.15 1715141043158 9 34 0
orderbuy 48900 22.15 1715141058141 9 34 0
orderbuy 48800 21.4 1715141578236 9 42 0
orderbuy 48800 21.05 1715141673251 9 44 0
orderbuy 48900 20 1715141803267 9 46 0
orderbuy 48900 20 1715141843301 9 47 0
orderbuy 48900 20 1715141853280 9 47 0
orderbuy 48800 21.35 1715141948277 9 49 0
orderbuy 48800 21.35 1715141953323 9 49 0
orderbuy 48800 21.35 1715141958284 9 49 0
orderbuy 48800 21.35 1715141963328 9 49 0
orderbuy 48800 21.35 1715141968282 9 49 0
orderbuy 48800 21.35 1715141973316 9 49 0
orderbuy 48800 21.35 1715141978284 9 49 0
orderbuy 48800 21.35 1715141983290 9 49 0
orderbuy 48800 21.35 1715141988297 9 49 0
orderbuy 48800 21.35 1715141993299 9 49 0
orderbuy 47400 20.95 1715142373373 9 56 0
orderbuy 47400 20.55 1715142933577 10 5 0
orderbuy 48700 20 1715143173589 10 9 0
orderbuy 47400 22.55 1715143935023 10 22 0
orderbuy 47300 21.25 1715144030241 10 23 0
orderbuy 48400 20.45 1715144190403 10 26 0
