orderbuy 23800 26 1719805503497 9 15 0
buy 23800 25 1719805508189 9 15 0
ordersell 23800 26 1719805508190 9 15 0
cancelsell 23800 26 1719805593314 9 16 0
ordersell 23800 16.4 1719805593316 9 16 0
sell 23800 17.4 1719805598516 9 16 -7.600000000000001
orderbuy 23750 21 1719805623091 9 17 0
buy 23750 21 1719805628185 9 17 0
ordersell 23750 22 1719805628185 9 17 0
cancelsell 23750 22 1719805663092 9 17 0
ordersell 23750 17 1719805663093 9 17 0
sell 23750 18 1719805670365 9 17 -10.600000000000001
orderbuy 23750 24.25 1719805728555 9 18 0
buy 23750 24.25 1719805733104 9 18 0
ordersell 23750 25.25 1719805733104 9 18 0
cancelsell 23750 25.25 1719805813139 9 20 0
ordersell 23750 20.5 1719805813139 9 20 0
sell 23750 21.5 1719805818141 9 20 -13.350000000000001
orderbuy 23050 20.45 1719806018381 9 23 0
buy 23050 20.45 1719806023338 9 23 0
ordersell 23050 21.45 1719806023338 9 23 0
sell 23050 22.5 1719806033414 9 23 -11.299999999999997
orderbuy 23050 20.65 1719806208204 9 26 0
buy 23050 20.65 1719806213522 9 26 0
ordersell 23050 21.65 1719806213523 9 26 0
cancelsell 23050 21.65 1719806253703 9 27 0
ordersell 23050 17.35 1719806253704 9 27 0
sell 23050 18.35 1719806258266 9 27 -13.599999999999994
orderbuy 23750 20.7 1719806323274 9 28 0
buy 23750 20.7 1719806328751 9 28 0
ordersell 23750 21.7 1719806328751 9 28 0
sell 23750 22.55 1719806468382 9 31 -11.749999999999996
orderbuy 23100 20.55 1719806483619 9 31 0
buy 23100 18.75 1719806529023 9 32 0
ordersell 23100 19.75 1719806529023 9 32 0
cancelsell 23100 19.75 1719806568501 9 32 0
ordersell 23100 15.45 1719806568501 9 32 0
sell 23100 16.45 1719806573340 9 32 -14.049999999999997
orderbuy 23800 20.65 1719806863733 9 37 0
buy 23800 20.65 1719806868472 9 37 0
ordersell 23800 21.65 1719806868472 9 37 0
sell 23800 25.6 1719807013595 9 40 -9.099999999999994
orderbuy 23850 20 1719807018547 9 40 0
buy 23850 20 1719807023471 9 40 0
ordersell 23850 21 1719807023472 9 40 0
sell 23850 21.3 1719807053666 9 40 -7.799999999999994
orderbuy 23850 21.2 1719807538760 9 48 0
buy 23850 21.2 1719807543873 9 49 0
ordersell 23850 22.2 1719807543874 9 49 0
sell 23850 22.25 1719807618822 9 50 -6.749999999999993
orderbuy 23850 20.6 1719808496949 10 4 0
buy 23850 20.6 1719808501935 10 5 0
ordersell 23850 21.6 1719808501935 10 5 0
cancelsell 23850 21.6 1719825142155 14 42 0
ordersell 23850 15.05 1719825142155 14 42 0
sell 23850 16.05 1719825142243 14 42 -11.299999999999994
