orderbuy 10750 21.45 1713153654524 9 30 0
buy 10750 21.45 1713153659550 9 30 0
ordersell 10750 22.45 1713153659551 9 30 0
cancelsell 10750 22.45 1713154384711 9 43 0
ordersell 10750 17.55 1713154384715 9 43 0
sell 10750 18.55 1713154389701 9 43 -2.8999999999999986
orderbuy 10825 21 1713155504986 10 1 0
buy 10825 21 1713155514997 10 1 0
ordersell 10825 22 1713155514998 10 1 0
sell 10825 22.45 1713155555010 10 2 -1.4499999999999993
orderbuy 10825 20.5 1713158625818 10 53 0
buy 10825 20.5 1713158630807 10 53 0
ordersell 10825 21.5 1713158630808 10 53 0
sell 10825 21.55 1713158930878 10 58 -0.3999999999999986
