orderbuy 24700 26.7 1720755991206 9 16 0
buy 24700 24.7 1720756006246 9 16 0
ordersell 24700 25.7 1720756006247 9 16 0
cancelsell 24700 25.7 1720756133229 9 18 0
ordersell 24700 20.85 1720756133231 9 18 0
sell 24700 21.85 1720756138238 9 18 -2.849999999999998
orderbuy 24000 21 1720756158192 9 19 0
buy 24000 21 1720756163285 9 19 0
ordersell 24000 22 1720756163285 9 19 0
cancelsell 24000 22 1720756388270 9 23 0
ordersell 24000 17.8 1720756388273 9 23 0
sell 24000 18.8 1720756393357 9 23 -5.049999999999997
orderbuy 24750 21.9 1720756683382 9 28 0
buy 24750 21.9 1720756688445 9 28 0
ordersell 24750 22.9 1720756688445 9 28 0
sell 24750 23.15 1720756803498 9 30 -3.799999999999997
orderbuy 24000 20.85 1720758444190 9 57 0
buy 24000 20.85 1720758449167 9 57 0
ordersell 24000 21.85 1720758449167 9 57 0
cancelsell 24000 21.85 1720758459205 9 57 0
ordersell 24000 17.75 1720758459205 9 57 0
sell 24000 18.75 1720758464272 9 57 -5.899999999999999
orderbuy 24050 20.25 1720759109459 10 8 0
buy 24050 20.25 1720759114429 10 8 0
ordersell 24050 21.25 1720759114429 10 8 0
sell 24050 21.4 1720759139503 10 8 -4.75
orderbuy 24750 24.6 1720761900897 10 55 0
buy 24750 24.6 1720761905624 10 55 0
ordersell 24750 25.6 1720761905624 10 55 0
sell 24750 25.65 1720761975656 10 56 -3.700000000000003
orderbuy 24800 24.55 1720762200885 11 0 0
buy 24800 24.55 1720762205762 11 0 0
ordersell 24800 25.55 1720762205762 11 0 0
cancelsell 24800 25.55 1720762215935 11 0 0
ordersell 24800 17.9 1720762215935 11 0 0
sell 24800 18.9 1720762220786 11 0 -9.350000000000005
orderbuy 24850 20.65 1720762255815 11 0 0
buy 24850 20.65 1720762260769 11 1 0
ordersell 24850 21.65 1720762260769 11 1 0
sell 24850 24.9 1720762325812 11 2 -5.100000000000005
orderbuy 24900 20.8 1720762390873 11 3 0
buy 24900 20.8 1720762395902 11 3 0
ordersell 24900 21.8 1720762395902 11 3 0
sell 24900 22.25 1720762515918 11 5 -3.6500000000000057
orderbuy 24850 20.1 1720766477825 12 11 0
buy 24850 20.1 1720766482569 12 11 0
ordersell 24850 21.1 1720766482569 12 11 0
sell 24850 21.45 1720766572623 12 12 -2.300000000000008
orderbuy 24100 20 1720766652691 12 14 0
buy 24100 20 1720766657623 12 14 0
ordersell 24100 21 1720766657623 12 14 0
sell 24100 21.55 1720767773075 12 32 -0.7500000000000071
orderbuy 24850 23.3 1720770529225 13 18 0
buy 24850 23.3 1720770534146 13 18 0
ordersell 24850 24.3 1720770534152 13 18 0
sell 24850 25.4 1720770682117 13 21 1.3499999999999908
orderbuy 24900 20.4 1720773305274 14 5 0
buy 24900 20.4 1720773310345 14 5 0
ordersell 24900 21.4 1720773310346 14 5 0
sell 24900 22.25 1720773905545 14 15 3.199999999999992
