orderbuy 12600 21.05 1720669837482 9 20 0
buy 12600 21.05 1720669842413 9 20 0
ordersell 12600 22.05 1720669842414 9 20 0
cancelsell 12600 22.05 1720669902467 9 21 0
ordersell 12600 17.7 1720669902469 9 21 0
sell 12600 18.7 1720669907440 9 21 -2.3500000000000014
orderbuy 12600 20.15 1720669957540 9 22 0
buy 12600 20.15 1720669962464 9 22 0
ordersell 12600 21.15 1720669962464 9 22 0
sell 12600 22.3 1720670157661 9 25 -0.1999999999999993
orderbuy 12200 20.65 1720670472712 9 31 0
buy 12200 20.65 1720670477611 9 31 0
ordersell 12200 21.65 1720670477611 9 31 0
cancelsell 12200 21.65 1720671147860 9 42 0
ordersell 12200 16.4 1720671147862 9 42 0
sell 12200 17.4 1720671152850 9 42 -3.4499999999999993
orderbuy 12225 20.1 1720671648073 9 50 0
buy 12225 20.1 1720671653083 9 50 0
ordersell 12225 21.1 1720671653083 9 50 0
cancelsell 12225 21.1 1720672609520 10 6 0
ordersell 12225 16.6 1720672609520 10 6 0
sell 12225 17.6 1720672613360 10 6 -5.949999999999999
orderbuy 12225 20.9 1720673068638 10 14 0
buy 12225 20.9 1720673073565 10 14 0
ordersell 12225 21.9 1720673073566 10 14 0
sell 12225 22.55 1720673113529 10 15 -4.299999999999997
orderbuy 12200 21.25 1720673153544 10 15 0
buy 12200 21.25 1720673158580 10 15 0
ordersell 12200 22.25 1720673158580 10 15 0
cancelsell 12200 22.25 1720673168697 10 16 0
ordersell 12200 18.15 1720673168698 10 16 0
sell 12200 19.15 1720673173549 10 16 -6.399999999999999
orderbuy 12200 21.25 1720673183578 10 16 0
buy 12200 21.25 1720673188553 10 16 0
ordersell 12200 22.25 1720673188553 10 16 0
sell 12200 25.45 1720673228571 10 17 -2.1999999999999993
orderbuy 12175 21.95 1720673233642 10 17 0
buy 12175 21.95 1720673238587 10 17 0
ordersell 12175 22.95 1720673238588 10 17 0
cancelsell 12175 22.95 1720673558804 10 22 0
ordersell 12175 17.9 1720673558807 10 22 0
sell 12175 18.9 1720673563716 10 22 -5.25
orderbuy 12175 20.05 1720673703821 10 25 0
buy 12175 20.05 1720673708734 10 25 0
ordersell 12175 21.05 1720673708735 10 25 0
sell 12175 21.05 1720673818804 10 26 -4.25
orderbuy 12175 22.45 1720674068886 10 31 0
buy 12175 22.45 1720674073853 10 31 0
ordersell 12175 23.45 1720674073854 10 31 0
sell 12175 23.95 1720674339049 10 35 -2.75
orderbuy 12150 20 1720674343949 10 35 0
buy 12150 20 1720674348943 10 35 0
ordersell 12150 21 1720674348943 10 35 0
cancelsell 12150 21 1720674809208 10 43 0
ordersell 12150 16.9 1720674809209 10 43 0
sell 12150 17.9 1720674814094 10 43 -4.850000000000001
orderbuy 12150 20.5 1720675144220 10 49 0
buy 12150 20.5 1720675149212 10 49 0
ordersell 12150 21.5 1720675149212 10 49 0
cancelsell 12150 21.5 1720675439316 10 53 0
ordersell 12150 17.25 1720675439318 10 53 0
sell 12150 18.25 1720675444317 10 54 -7.100000000000001
orderbuy 12550 20.2 1720675679458 10 57 0
buy 12550 20.2 1720675684411 10 58 0
ordersell 12550 21.2 1720675684411 10 58 0
sell 12550 21.35 1720675824489 11 0 -5.949999999999999
orderbuy 12200 20.5 1720676799954 11 16 0
buy 12200 20.5 1720676804914 11 16 0
ordersell 12200 21.5 1720676804914 11 16 0
sell 12200 21.6 1720677695192 11 31 -4.849999999999998
orderbuy 12175 20.9 1720677775419 11 32 0
buy 12175 20.9 1720677780151 11 33 0
ordersell 12175 21.9 1720677780152 11 33 0
cancelsell 12175 21.9 1720677990233 11 36 0
ordersell 12175 16.9 1720677990233 11 36 0
sell 12175 17.9 1720677995206 11 36 -7.849999999999998
orderbuy 12550 20.05 1720679330757 11 58 0
buy 12550 20.05 1720679335679 11 58 0
ordersell 12550 21.05 1720679335680 11 58 0
cancelsell 12550 21.05 1720679750887 12 5 0
ordersell 12550 16.75 1720679750887 12 5 0
sell 12550 17.75 1720679755840 12 5 -10.149999999999999
orderbuy 12175 20.15 1720679870969 12 7 0
buy 12175 20.15 1720679875901 12 7 0
ordersell 12175 21.15 1720679875901 12 7 0
sell 12175 21.3 1720679990935 12 9 -8.999999999999996
orderbuy 12175 20.65 1720680146060 12 12 0
buy 12175 20.65 1720680150976 12 12 0
ordersell 12175 21.65 1720680150976 12 12 0
cancelsell 12175 21.65 1720680471116 12 17 0
ordersell 12175 16.85 1720680471122 12 17 0
sell 12175 17.85 1720680476096 12 17 -11.799999999999994
orderbuy 12200 20.35 1720682231753 12 47 0
buy 12200 20.35 1720682236728 12 47 0
ordersell 12200 21.35 1720682236729 12 47 0
cancelsell 12200 21.35 1720682486815 12 51 0
ordersell 12200 16.7 1720682486815 12 51 0
sell 12200 17.7 1720682491804 12 51 -14.449999999999992
orderbuy 12200 20.1 1720682766938 12 56 0
buy 12200 20.1 1720682771903 12 56 0
ordersell 12200 21.1 1720682771903 12 56 0
cancelsell 12200 21.1 1720683727254 13 12 0
ordersell 12200 16.8 1720683727257 13 12 0
sell 12200 17.8 1720683732229 13 12 -16.749999999999996
orderbuy 12550 20.3 1720684722584 13 28 0
buy 12550 20.3 1720684727557 13 28 0
ordersell 12550 21.3 1720684727557 13 28 0
cancelsell 12550 21.3 1720685178023 13 36 0
ordersell 12550 17.2 1720685178023 13 36 0
sell 12550 18.2 1720685182858 13 36 -18.849999999999998
orderbuy 12550 20.2 1720686203107 13 53 0
buy 12550 20.2 1720686208088 13 53 0
ordersell 12550 21.2 1720686208089 13 53 0
