orderbuy 49400 21.5 1718941661755 9 17 0
orderbuy 49300 20.25 1718941676654 9 17 0
orderbuy 53500 20.15 1718941686662 9 18 0
orderbuy 53500 20.4 1718941716670 9 18 0
orderbuy 53500 20.4 1718941746672 9 19 0
orderbuy 53600 20.2 1718941756723 9 19 0
orderbuy 49300 20.55 1718941986758 9 23 0
orderbuy 53500 20.3 1718942081792 9 24 0
orderbuy 53500 20.05 1718942136830 9 25 0
orderbuy 53500 20.5 1718942646991 9 34 0
orderbuy 53500 20.5 1718942692026 9 34 0
orderbuy 49500 20.45 1718942732186 9 35 0
orderbuy 49500 20.05 1718942867155 9 37 0
orderbuy 49500 20.7 1718943052233 9 40 0
orderbuy 49400 21.4 1718943147372 9 42 0
orderbuy 49300 21 1718943337396 9 45 0
orderbuy 49300 20.45 1718943397446 9 46 0
orderbuy 53300 20.45 1718943407441 9 46 0
orderbuy 53300 20.35 1718943432468 9 47 0
orderbuy 53300 20.5 1718943667611 9 51 0
orderbuy 53300 21.35 1718943827637 9 53 0
orderbuy 53300 21.35 1718943867629 9 54 0
orderbuy 49400 20.6 1718944042701 9 57 0
orderbuy 49400 20 1718944072716 9 57 0
orderbuy 53400 20 1718944367905 10 2 0
orderbuy 49500 20.5 1718944492886 10 4 0
orderbuy 49400 20.05 1718944647923 10 7 0
orderbuy 53300 20 1718944712984 10 8 0
orderbuy 49400 20 1718944843035 10 10 0
orderbuy 49300 20.25 1718945413272 10 20 0
orderbuy 53300 20 1718945618364 10 23 0
orderbuy 49400 20.15 1718946133568 10 32 0
orderbuy 49400 20.15 1718946163578 10 32 0
orderbuy 53200 20.35 1718946363630 10 36 0
orderbuy 49400 20.65 1718946564337 10 39 0
orderbuy 53200 20.1 1718946808900 10 43 0
orderbuy 49300 20 1718946903951 10 45 0
orderbuy 49300 20 1718946934187 10 45 0
orderbuy 49400 20.25 1718947489136 10 54 0
orderbuy 49400 20.05 1718948064404 11 4 0
orderbuy 53100 20.15 1718949870173 11 34 0
orderbuy 53100 20.7 1718949910407 11 35 0
orderbuy 49600 20.3 1718950380407 11 43 0
orderbuy 49600 20.15 1718950515529 11 45 0
orderbuy 49600 20 1718951855954 12 7 0
orderbuy 49600 20.1 1718952041014 12 10 0
orderbuy 49600 20.1 1718952065992 12 11 0
orderbuy 49600 20 1718952361104 12 16 0
orderbuy 49600 20 1718952376119 12 16 0
orderbuy 53200 20.75 1718952906307 12 25 0
orderbuy 49700 21.05 1718952996359 12 26 0
orderbuy 49600 20 1718953806609 12 40 0
orderbuy 53100 20.15 1718953891638 12 41 0
orderbuy 53100 20.1 1718953946663 12 42 0
orderbuy 53100 20.2 1718954446969 12 50 0
orderbuy 49600 20.45 1718954637086 12 53 0
orderbuy 49500 20.5 1718955272357 13 4 0
orderbuy 49500 20.15 1718955377436 13 6 0
orderbuy 49400 20.2 1718955547480 13 9 0
orderbuy 49300 21 1718955667538 13 11 0
orderbuy 49300 21 1718955847569 13 14 0
orderbuy 49300 20.45 1718956032629 13 17 0
orderbuy 49500 20.5 1718956622877 13 27 0
orderbuy 49500 20.3 1718956757858 13 29 0
orderbuy 53100 20.75 1718957338084 13 38 0
orderbuy 49500 20 1718957553263 13 42 0
orderbuy 53100 20.05 1718957908453 13 48 0
orderbuy 53100 20.7 1718958168452 13 52 0
orderbuy 53100 20.7 1718958193526 13 53 0
orderbuy 53200 20.25 1718958343594 13 55 0
orderbuy 49700 20.35 1718958453570 13 57 0
orderbuy 49600 20.05 1718958718741 14 1 0
orderbuy 53300 21.95 1718958903740 14 5 0
orderbuy 53400 20.3 1718958988787 14 6 0
orderbuy 53400 20.3 1718959053848 14 7 0
orderbuy 49700 21 1718959694160 14 18 0
orderbuy 53200 20.3 1718959884337 14 21 0
orderbuy 53200 20.1 1718959994203 14 23 0
orderbuy 49700 21.6 1718960129764 14 25 0
orderbuy 49600 22.4 1718960219272 14 26 0
orderbuy 49500 20.1 1718960824663 14 37 0
orderbuy 53000 20.2 1718960879814 14 37 0
orderbuy 53100 20.45 1718961384710 14 46 0
orderbuy 49700 20.2 1718961449813 14 47 0
orderbuy 49700 20.25 1718961519972 14 48 0
orderbuy 53100 22.5 1718961799952 14 53 0
orderbuy 49700 20.25 1718962110102 14 58 0
orderbuy 53100 20.1 1718962130069 14 58 0
orderbuy 53100 20.2 1718962215195 15 0 0
