orderbuy 22700 20.3 1718165241229 9 37 0
buy 22700 20.3 1718165246206 9 37 0
ordersell 22700 21.3 1718165246206 9 37 0
sell 22700 22.2 1718165621375 9 43 1.8999999999999986
orderbuy 22750 20.35 1718165821380 9 47 0
buy 22750 20.35 1718165826561 9 47 0
ordersell 22750 21.35 1718165826561 9 47 0
sell 22750 22.6 1718165870682 9 47 4.149999999999999
orderbuy 22950 21.3 1718169502182 10 48 0
buy 22950 20.3 1718169505324 10 48 0
ordersell 22950 21.3 1718169505325 10 48 0
cancelsell 22950 21.3 1718172140831 11 32 0
ordersell 22950 10.95 1718172140834 11 32 0
sell 22950 11.95 1718172145770 11 32 -4.200000000000003
orderbuy 21700 20.55 1718172185694 11 33 0
buy 21700 20.55 1718172190561 11 33 0
ordersell 21700 21.55 1718172190561 11 33 0
cancelsell 21700 21.55 1718172385625 11 36 0
ordersell 21700 17.3 1718172385625 11 36 0
sell 21700 18.3 1718172390630 11 36 -6.450000000000003
orderbuy 22850 20 1718173315939 11 51 0
buy 22850 20 1718173321252 11 52 0
ordersell 22850 21 1718173321252 11 52 0
sell 22850 21.15 1718173781171 11 59 -5.300000000000004
orderbuy 21750 20.45 1718174461296 12 11 0
buy 21750 20.45 1718174466142 12 11 0
ordersell 21750 21.45 1718174466143 12 11 0
sell 21750 22.1 1718176196650 12 39 -3.650000000000002
orderbuy 22800 20.3 1718177433281 13 0 0
buy 22800 20.3 1718177438038 13 0 0
ordersell 22800 21.3 1718177438038 13 0 0
sell 22800 21.4 1718177743077 13 5 -2.5500000000000043
orderbuy 21750 20.05 1718178158143 13 12 0
buy 21750 20.05 1718178163150 13 12 0
ordersell 21750 21.05 1718178163150 13 12 0
