orderbuy 22550 23.05 1718683991633 9 43 0
buy 22550 23.05 1718683996563 9 43 0
ordersell 22550 24.05 1718683996563 9 43 0
cancelsell 22550 24.05 1718684041616 9 44 0
ordersell 22550 19.15 1718684041616 9 44 0
sell 22550 20.15 1718684046574 9 44 -2.900000000000002
orderbuy 22400 21.8 1718686542247 10 25 0
buy 22400 21.8 1718686547241 10 25 0
ordersell 22400 22.8 1718686547241 10 25 0
cancelsell 22400 22.8 1718686717319 10 28 0
ordersell 22400 17.85 1718686717320 10 28 0
sell 22400 18.85 1718686722287 10 28 -5.850000000000001
orderbuy 22450 20.1 1718688997988 11 6 0
buy 22450 20.1 1718689002957 11 6 0
ordersell 22450 21.1 1718689002957 11 6 0
cancelsell 22450 21.1 1718690598392 11 33 0
ordersell 22450 14.1 1718690598396 11 33 0
sell 22450 15.1 1718690603295 11 33 -10.850000000000003
orderbuy 22500 20.6 1718693689145 12 24 0
buy 22500 20.6 1718693694075 12 24 0
ordersell 22500 21.6 1718693694075 12 24 0
sell 22500 21.6 1718693759095 12 25 -9.850000000000001
orderbuy 22550 22.35 1718698829881 13 50 0
buy 22550 22.35 1718698834903 13 50 0
ordersell 22550 23.35 1718698834903 13 50 0
cancelsell 22550 23.35 1718699420111 14 0 0
ordersell 22550 18.15 1718699420113 14 0 0
sell 22550 19.15 1718699425064 14 0 -13.050000000000004
