orderbuy 11950 21.7 1719201728032 9 32 0
buy 11950 21.7 1719201732813 9 32 0
ordersell 11950 22.7 1719201732813 9 32 0
cancelsell 11950 22.7 1719201768132 9 32 0
ordersell 11950 18.65 1719201768132 9 32 0
sell 11950 19.65 1719201772942 9 32 -2.0500000000000007
orderbuy 12125 23.85 1719201963012 9 36 0
buy 12125 23.85 1719201968002 9 36 0
ordersell 12125 24.85 1719201968002 9 36 0
cancelsell 12125 24.85 1719202018137 9 36 0
ordersell 12125 19.2 1719202018138 9 36 0
sell 12125 20.2 1719202023116 9 37 -5.700000000000003
orderbuy 12125 20.2 1719202028060 9 37 0
buy 12125 20.2 1719202033015 9 37 0
ordersell 12125 21.2 1719202033015 9 37 0
cancelsell 12125 21.2 1719202233067 9 40 0
ordersell 12125 15.649999999999999 1719202233070 9 40 0
sell 12125 16.65 1719202238214 9 40 -9.250000000000004
orderbuy 12125 22.1 1719202373112 9 42 0
buy 12125 22.1 1719202378135 9 42 0
ordersell 12125 23.1 1719202378136 9 42 0
cancelsell 12125 23.1 1719202413158 9 43 0
ordersell 12125 18.9 1719202413159 9 43 0
sell 12125 19.9 1719202418297 9 43 -11.450000000000006
orderbuy 12125 22.1 1719202433246 9 43 0
buy 12125 22.1 1719202438158 9 43 0
ordersell 12125 23.1 1719202438158 9 43 0
cancelsell 12125 23.1 1719202463278 9 44 0
ordersell 12125 18.9 1719202463281 9 44 0
sell 12125 19.9 1719202468210 9 44 -13.650000000000013
orderbuy 12150 20.25 1719202613458 9 46 0
buy 12150 20.25 1719202618188 9 46 0
ordersell 12150 21.25 1719202618189 9 46 0
cancelsell 12150 21.25 1719202713373 9 48 0
ordersell 12150 16.3 1719202713373 9 48 0
sell 12150 17.3 1719202718227 9 48 -16.600000000000012
orderbuy 12125 21.5 1719202843390 9 50 0
buy 12125 21.5 1719202848344 9 50 0
ordersell 12125 22.5 1719202848344 9 50 0
cancelsell 12125 22.5 1719202893341 9 51 0
ordersell 12125 18.1 1719202893341 9 51 0
sell 12125 19.1 1719202898313 9 51 -19.000000000000007
orderbuy 12125 21.75 1719203198483 9 56 0
buy 12125 21.75 1719203203522 9 56 0
ordersell 12125 22.75 1719203203523 9 56 0
cancelsell 12125 22.75 1719203413570 10 0 0
ordersell 12125 17.45 1719203413572 10 0 0
sell 12125 18.45 1719203418552 10 0 -22.300000000000008
orderbuy 11975 20.75 1719203494997 10 1 0
buy 11975 20.75 1719203499873 10 1 0
ordersell 11975 21.75 1719203499873 10 1 0
cancelsell 11975 21.75 1719203508593 10 1 0
ordersell 11975 16.15 1719203508593 10 1 0
sell 11975 17.15 1719203513890 10 1 -25.900000000000013
orderbuy 11975 20.75 1719203523580 10 2 0
buy 11975 20.75 1719203528632 10 2 0
ordersell 11975 21.75 1719203528633 10 2 0
cancelsell 11975 21.75 1719203643622 10 4 0
ordersell 11975 14.65 1719203643622 10 4 0
sell 11975 15.65 1719203648549 10 4 -31.000000000000014
orderbuy 12150 24.6 1719203874585 10 7 0
buy 12150 24.6 1719203878964 10 7 0
ordersell 12150 25.6 1719203878964 10 7 0
cancelsell 12150 25.6 1719204023829 10 10 0
ordersell 12150 18.85 1719204023832 10 10 0
sell 12150 19.85 1719204028748 10 10 -35.750000000000014
orderbuy 12175 21.85 1719204459189 10 17 0
buy 12175 21.85 1719204463944 10 17 0
ordersell 12175 22.85 1719204463944 10 17 0
sell 12175 33.3 1719204619129 10 20 -24.30000000000002
orderbuy 12200 21.15 1719204623975 10 20 0
buy 12200 21.15 1719204629074 10 20 0
ordersell 12200 22.15 1719204629075 10 20 0
sell 12200 25 1719204634015 10 20 -20.450000000000017
orderbuy 12225 20.5 1719205044230 10 27 0
buy 12225 20.5 1719205049149 10 27 0
ordersell 12225 21.5 1719205049149 10 27 0
cancelsell 12225 21.5 1719205189225 10 29 0
ordersell 12225 12.2 1719205189225 10 29 0
sell 12225 13.2 1719205194159 10 29 -27.750000000000018
orderbuy 12250 24.3 1719205759395 10 39 0
buy 12250 24.3 1719205764415 10 39 0
ordersell 12250 25.3 1719205764416 10 39 0
sell 12250 27.6 1719205839424 10 40 -24.450000000000017
orderbuy 12275 24.5 1719205909452 10 41 0
buy 12275 24.5 1719205914475 10 41 0
ordersell 12275 25.5 1719205914475 10 41 0
sell 12275 25.65 1719206129728 10 45 -23.30000000000002
orderbuy 12325 22.9 1719206349646 10 49 0
buy 12325 22.9 1719206354630 10 49 0
ordersell 12325 23.9 1719206354631 10 49 0
cancelsell 12325 23.9 1719206429693 10 50 0
ordersell 12325 19.45 1719206429695 10 50 0
sell 12325 20.45 1719206434669 10 50 -25.750000000000018
orderbuy 12125 22 1719206484741 10 51 0
buy 12125 22 1719206489656 10 51 0
ordersell 12125 23 1719206489656 10 51 0
cancelsell 12125 23 1719206619880 10 53 0
ordersell 12125 16.15 1719206619882 10 53 0
sell 12125 17.15 1719206624755 10 53 -30.600000000000016
orderbuy 12350 23.05 1719207660130 11 11 0
buy 12350 23.05 1719207665123 11 11 0
ordersell 12350 24.05 1719207665123 11 11 0
cancelsell 12350 24.05 1719207740179 11 12 0
ordersell 12350 19.95 1719207740180 11 12 0
sell 12350 20.95 1719207745156 11 12 -32.70000000000002
orderbuy 12175 22 1719208400410 11 23 0
buy 12175 22 1719208405649 11 23 0
ordersell 12175 23 1719208405650 11 23 0
sell 12175 24.05 1719208836649 11 30 -30.650000000000016
orderbuy 12325 20.85 1719209025730 11 33 0
buy 12325 20.85 1719209030698 11 33 0
ordersell 12325 21.85 1719209030699 11 33 0
sell 12325 22.85 1719209255758 11 37 -28.650000000000013
orderbuy 12175 21.65 1719209680887 11 44 0
buy 12175 21.65 1719209685876 11 44 0
ordersell 12175 22.65 1719209685877 11 44 0
sell 12175 26 1719209830993 11 47 -24.30000000000001
orderbuy 12300 23.05 1719209940998 11 49 0
buy 12300 23.05 1719209945974 11 49 0
ordersell 12300 24.05 1719209945974 11 49 0
cancelsell 12300 24.05 1719209955998 11 49 0
ordersell 12300 19.4 1719209955999 11 49 0
sell 12300 20.4 1719209960989 11 49 -26.95000000000001
orderbuy 12325 20.3 1719210061026 11 51 0
buy 12325 20.3 1719210066028 11 51 0
ordersell 12325 21.3 1719210066028 11 51 0
sell 12325 28.6 1719210121088 11 52 -18.650000000000013
orderbuy 12350 20.3 1719210126048 11 52 0
buy 12350 20.3 1719210131067 11 52 0
ordersell 12350 21.3 1719210131068 11 52 0
cancelsell 12350 21.3 1719210146088 11 52 0
ordersell 12350 17.15 1719210146088 11 52 0
sell 12350 18.15 1719210151046 11 52 -20.80000000000002
orderbuy 12200 20.4 1719210981396 12 6 0
buy 12200 20.4 1719210986175 12 6 0
ordersell 12200 21.4 1719210986176 12 6 0
sell 12200 22.15 1719211051629 12 7 -19.05000000000002
orderbuy 12325 20.95 1719211366345 12 12 0
buy 12325 20.95 1719211371346 12 12 0
ordersell 12325 21.95 1719211371347 12 12 0
cancelsell 12325 21.95 1719211606448 12 16 0
ordersell 12325 17.75 1719211606451 12 16 0
sell 12325 18.75 1719211611467 12 16 -21.250000000000014
orderbuy 12325 20.25 1719212196613 12 26 0
buy 12325 20.25 1719212201649 12 26 0
ordersell 12325 21.25 1719212201649 12 26 0
sell 12325 26 1719212361699 12 29 -15.500000000000014
orderbuy 12325 21.7 1719212431774 12 30 0
buy 12325 21.7 1719212436683 12 30 0
ordersell 12325 22.7 1719212436685 12 30 0
cancelsell 12325 22.7 1719212446908 12 30 0
ordersell 12325 17 1719212446909 12 30 0
sell 12325 18 1719212451702 12 30 -19.200000000000017
orderbuy 12325 20.9 1719215178074 13 16 0
buy 12325 20.9 1719215182970 13 16 0
ordersell 12325 21.9 1719215182971 13 16 0
cancelsell 12325 21.9 1719215232930 13 17 0
ordersell 12325 15.350000000000001 1719215232930 13 17 0
sell 12325 16.35 1719215238030 13 17 -23.750000000000014
orderbuy 12275 21.35 1719218579302 14 12 0
buy 12275 21.35 1719218584286 14 13 0
ordersell 12275 22.35 1719218584286 14 13 0
cancelsell 12275 22.35 1719218944645 14 19 0
ordersell 12275 14.55 1719218944648 14 19 0
sell 12275 15.55 1719218949426 14 19 -29.550000000000015
