orderbuy 21950 21.55 1718258037583 11 23 0
buy 21950 21.55 1718258042620 11 24 0
ordersell 21950 22.55 1718258042621 11 24 0
cancelsell 21950 22.55 1718258302648 11 28 0
ordersell 21950 18.3 1718258302648 11 28 0
sell 21950 19.3 1718258307595 11 28 -2.25
orderbuy 22650 20.4 1718258967776 11 39 0
buy 22650 20.4 1718258972778 11 39 0
ordersell 22650 21.4 1718258972778 11 39 0
sell 22650 22.5 1718259548029 11 49 -0.14999999999999858
orderbuy 22700 20.55 1718259908066 11 55 0
buy 22700 20.55 1718259913067 11 55 0
ordersell 22700 21.55 1718259913068 11 55 0
cancelsell 22700 21.55 1718260133182 11 58 0
ordersell 22700 17.3 1718260133182 11 58 0
sell 22700 18.3 1718260138156 11 58 -2.3999999999999986
orderbuy 22000 20 1718260993383 12 13 0
buy 22000 20 1718260998371 12 13 0
ordersell 22000 21 1718260998371 12 13 0
sell 22000 22 1718263918773 13 1 -0.3999999999999986
orderbuy 22650 20.55 1718264563993 13 12 0
buy 22650 20.55 1718264568908 13 12 0
ordersell 22650 21.55 1718264568908 13 12 0
cancelsell 22650 21.55 1718265199311 13 23 0
ordersell 22650 17.5 1718265199311 13 23 0
sell 22650 18.5 1718265204404 13 23 -2.4499999999999993
