orderbuy 22450 23.75 1714708122133 9 18 0
buy 22450 23.75 1714708127143 9 18 0
ordersell 22450 24.75 1714708127143 9 18 0
sell 22450 26 1714708187122 9 19 2.25
orderbuy 22500 20.65 1714708417170 9 23 0
buy 22500 20.65 1714708422163 9 23 0
ordersell 22500 21.65 1714708422163 9 23 0
cancelsell 22500 21.65 1714708577243 9 26 0
ordersell 22500 17.4 1714708577244 9 26 0
sell 22500 18.4 1714708582215 9 26 0
orderbuy 21700 20.2 1714709392441 9 39 0
buy 21700 20.2 1714709397413 9 39 0
ordersell 21700 21.2 1714709397414 9 39 0
sell 21700 23.3 1714711027851 10 7 3.1000000000000014
orderbuy 21650 20.4 1714711102864 10 8 0
buy 21650 20.4 1714711107864 10 8 0
ordersell 21650 21.4 1714711107864 10 8 0
sell 21650 23.9 1714711298027 10 11 6.600000000000001
orderbuy 21600 20.75 1714711458062 10 14 0
buy 21600 20.75 1714711463083 10 14 0
ordersell 21600 21.75 1714711463083 10 14 0
sell 21600 23.35 1714711533111 10 15 9.200000000000003
orderbuy 21600 23.35 1714711748146 10 19 0
buy 21600 19.95 1714711753135 10 19 0
ordersell 21600 20.95 1714711753136 10 19 0
sell 21600 22.75 1714711903189 10 21 12.000000000000004
orderbuy 21500 20.3 1714713495488 10 48 0
buy 21500 20.3 1714713500462 10 48 0
ordersell 21500 21.3 1714713500462 10 48 0
cancelsell 21500 21.3 1714713845653 10 54 0
ordersell 21500 16.1 1714713845654 10 54 0
sell 21500 17.1 1714713850512 10 54 8.800000000000004
orderbuy 21500 20 1714715326793 11 18 0
buy 21500 20 1714715331751 11 18 0
ordersell 21500 21 1714715331751 11 18 0
sell 21500 35.45 1714716399952 11 36 24.250000000000007
orderbuy 21400 23.2 1714716405183 11 36 0
buy 21400 23.2 1714716409935 11 36 0
ordersell 21400 24.2 1714716409936 11 36 0
sell 21400 26.35 1714716439935 11 37 27.40000000000001
orderbuy 21350 21.3 1714716444943 11 37 0
buy 21350 21.3 1714716449955 11 37 0
ordersell 21350 22.3 1714716449955 11 37 0
cancelsell 21350 22.3 1714717584000 11 56 0
ordersell 21350 17.3 1714717584002 11 56 0
sell 21350 18.3 1714717589026 11 56 24.40000000000001
orderbuy 22300 21.8 1714720280192 12 41 0
buy 22300 21.8 1714720285197 12 41 0
ordersell 22300 22.8 1714720285197 12 41 0
sell 22300 22.95 1714720520285 12 45 25.550000000000008
orderbuy 21500 20.55 1714720760276 12 49 0
buy 21500 18.95 1714720765324 12 49 0
ordersell 21500 19.95 1714720765324 12 49 0
sell 21500 23.3 1714720910301 12 51 29.90000000000001
orderbuy 21450 24.3 1714720980321 12 53 0
buy 21450 24.3 1714720985352 12 53 0
ordersell 21450 25.3 1714720985353 12 53 0
sell 21450 25.4 1714721010320 12 53 31.000000000000007
orderbuy 21400 23.4 1714721080323 12 54 0
buy 21400 23.4 1714721085364 12 54 0
ordersell 21400 24.4 1714721085365 12 54 0
cancelsell 21400 24.4 1714721105346 12 55 0
ordersell 21400 20.3 1714721105346 12 55 0
sell 21400 21.3 1714721110401 12 55 28.90000000000001
orderbuy 21350 20.2 1714721290363 12 58 0
buy 21350 20.2 1714721295359 12 58 0
ordersell 21350 21.2 1714721295360 12 58 0
sell 21350 21.5 1714721545431 13 2 30.20000000000001
orderbuy 22200 20.2 1714721820476 13 7 0
buy 22200 20.2 1714721825496 13 7 0
ordersell 22200 21.2 1714721825497 13 7 0
sell 22200 21.45 1714723065806 13 27 31.45000000000001
orderbuy 21400 20.5 1714723390917 13 33 0
buy 21400 20.5 1714723395925 13 33 0
ordersell 21400 21.5 1714723395925 13 33 0
sell 21400 22 1714723610971 13 36 32.95000000000001
orderbuy 21350 22.3 1714723801036 13 40 0
buy 21350 22.3 1714723806009 13 40 0
ordersell 21350 23.3 1714723806009 13 40 0
cancelsell 21350 23.3 1714723871052 13 41 0
ordersell 21350 17.8 1714723871052 13 41 0
sell 21350 18.8 1714723876016 13 41 29.45000000000001
orderbuy 22200 20 1714724016055 13 43 0
buy 22200 20 1714724021070 13 43 0
ordersell 22200 21 1714724021070 13 43 0
sell 22200 21.35 1714724461193 13 51 30.80000000000001
orderbuy 21400 21.45 1714724771357 13 56 0
buy 21400 21.45 1714724776288 13 56 0
ordersell 21400 22.45 1714724776288 13 56 0
sell 21400 22.65 1714724991327 13 59 32.000000000000014
orderbuy 21400 20.25 1714725591499 14 9 0
buy 21400 20.25 1714725596458 14 9 0
ordersell 21400 21.25 1714725596459 14 9 0
cancelsell 21400 21.25 1714725866547 14 14 0
ordersell 21400 15.8 1714725866549 14 14 0
sell 21400 16.8 1714725871490 14 14 28.550000000000015
orderbuy 21400 20.65 1714726286687 14 21 0
buy 21400 20.65 1714726291635 14 21 0
ordersell 21400 21.65 1714726291635 14 21 0
sell 21400 22.15 1714726666733 14 27 30.050000000000015
orderbuy 22200 20.45 1714726791772 14 29 0
buy 22200 20.45 1714726796762 14 29 0
ordersell 22200 21.45 1714726796762 14 29 0
cancelsell 22200 21.45 1714727541952 14 42 0
ordersell 22200 17.25 1714727541955 14 42 0
sell 22200 18.25 1714727546950 14 42 27.850000000000016
