orderbuy 22300 20.8 1712895197144 9 43 0
buy 22300 20.8 1712895202085 9 43 0
ordersell 22300 21.8 1712895202086 9 43 0
sell 22300 21.9 1712895237101 9 43 1.0999999999999979
orderbuy 22250 20.45 1712895392133 9 46 0
buy 22250 20.45 1712895397164 9 46 0
ordersell 22250 21.45 1712895397164 9 46 0
cancelsell 22250 21.45 1712898098626 10 31 0
ordersell 22250 17.25 1712898098631 10 31 0
sell 22250 18.25 1712898103503 10 31 -1.1000000000000014
orderbuy 23000 20.15 1712901090962 11 21 0
buy 23000 20.15 1712901095966 11 21 0
ordersell 23000 21.15 1712901095967 11 21 0
cancelsell 23000 21.15 1712901436060 11 27 0
ordersell 23000 17.05 1712901436063 11 27 0
sell 23000 18.05 1712901441051 11 27 -3.1999999999999993
orderbuy 23000 20.45 1712903276533 11 57 0
buy 23000 20.45 1712903281551 11 58 0
ordersell 23000 21.45 1712903281551 11 58 0
cancelsell 23000 21.45 1712904456839 12 17 0
ordersell 23000 16.6 1712904456843 12 17 0
sell 23000 17.6 1712904461819 12 17 -6.049999999999997
orderbuy 22300 23.9 1712904571842 12 19 0
buy 22300 23.9 1712904576874 12 19 0
ordersell 22300 24.9 1712904576874 12 19 0
cancelsell 22300 24.9 1712904657054 12 20 0
ordersell 22300 19.5 1712904657057 12 20 0
sell 22300 20.5 1712904661874 12 21 -9.449999999999996
orderbuy 22300 20.5 1712904666895 12 21 0
buy 22300 20.5 1712904671899 12 21 0
ordersell 22300 21.5 1712904671900 12 21 0
sell 22300 21.5 1712904967019 12 26 -8.449999999999996
orderbuy 22250 20.65 1712905727158 12 38 0
buy 22250 20.65 1712905732119 12 38 0
ordersell 22250 21.65 1712905732120 12 38 0
sell 22250 22.6 1712905757118 12 39 -6.499999999999993
orderbuy 22200 20.25 1712906002249 12 43 0
buy 22200 20.25 1712906007200 12 43 0
ordersell 22200 21.25 1712906007200 12 43 0
cancelsell 22200 21.25 1712906137232 12 45 0
ordersell 22200 15.3 1712906137234 12 45 0
sell 22200 16.3 1712906142255 12 45 -10.449999999999992
orderbuy 22200 20.1 1712911308503 14 11 0
buy 22200 20.1 1712911313503 14 11 0
ordersell 22200 21.1 1712911313503 14 11 0
sell 22200 22.1 1712911493558 14 14 -8.449999999999992
orderbuy 22200 20.05 1712912388811 14 29 0
buy 22200 20.05 1712912393760 14 29 0
ordersell 22200 21.05 1712912393761 14 29 0
cancelsell 22200 21.05 1712913053903 14 40 0
ordersell 22200 16.75 1712913053907 14 40 0
sell 22200 17.75 1712913058938 14 40 -10.749999999999993
