orderbuy 11075 21.15 1712721875871 9 34 0
buy 11075 21.15 1712721880907 9 34 0
ordersell 11075 22.15 1712721880908 9 34 0
cancelsell 11075 22.15 1712723101166 9 55 0
ordersell 11075 18 1712723101168 9 55 0
sell 11075 19 1712723106232 9 55 -2.1499999999999986
orderbuy 11075 20 1712723161229 9 56 0
buy 11075 20 1712723166185 9 56 0
ordersell 11075 21 1712723166186 9 56 0
sell 11075 21.45 1712725011745 10 26 -0.6999999999999993
orderbuy 11100 20.05 1712725541863 10 35 0
buy 11100 20.05 1712725546909 10 35 0
ordersell 11100 21.05 1712725546910 10 35 0
sell 11100 23.05 1712726597139 10 53 2.3000000000000007
