orderbuy 21300 20 1712894979954 9 39 0
buy 21300 20 1712894984957 9 39 0
ordersell 21300 21 1712894984957 9 39 0
sell 21300 26.2 1712895515150 9 48 6.199999999999999
orderbuy 21250 20.15 1712895620216 9 50 0
buy 21250 20.15 1712895625124 9 50 0
ordersell 21250 21.15 1712895625124 9 50 0
cancelsell 21250 21.15 1712895840228 9 54 0
ordersell 21250 17.05 1712895840230 9 54 0
sell 21250 18.05 1712895845194 9 54 4.100000000000001
orderbuy 21250 20.1 1712896175299 9 59 0
buy 21250 20.1 1712896180283 9 59 0
ordersell 21250 21.1 1712896180283 9 59 0
sell 21250 21.35 1712898074121 10 31 5.350000000000001
orderbuy 21250 20.1 1712898128574 10 32 0
buy 21250 20.1 1712898133479 10 32 0
ordersell 21250 21.1 1712898133479 10 32 0
cancelsell 21250 21.1 1712898138526 10 32 0
ordersell 21250 16.6 1712898138526 10 32 0
sell 21250 17.6 1712898143472 10 32 2.8500000000000014
orderbuy 21300 20.05 1712901451103 11 27 0
buy 21300 20.05 1712901456043 11 27 0
ordersell 21300 21.05 1712901456043 11 27 0
cancelsell 21300 21.05 1712904006748 12 10 0
ordersell 21300 15 1712904006751 12 10 0
sell 21300 16 1712904011727 12 10 -1.1999999999999993
orderbuy 21300 20.15 1712904511841 12 18 0
buy 21300 20.15 1712904516807 12 18 0
ordersell 21300 21.15 1712904516807 12 18 0
sell 21300 21.55 1712904722446 12 22 0.20000000000000284
orderbuy 21300 20.3 1712905672130 12 37 0
buy 21300 20.3 1712905677100 12 37 0
ordersell 21300 21.3 1712905677101 12 37 0
sell 21300 25.7 1712906062172 12 44 5.600000000000001
orderbuy 21300 20.2 1712913238990 14 43 0
buy 21300 20.2 1712913244016 14 44 0
ordersell 21300 21.2 1712913244016 14 44 0
sell 21300 21.25 1712913529094 14 48 6.650000000000002
