orderbuy 50500 20.65 1719805643342 9 17 0
orderbuy 54300 20.3 1719805723218 9 18 0
orderbuy 50500 20.4 1719805778402 9 19 0
orderbuy 50500 20.4 1719805803370 9 20 0
orderbuy 54300 20.3 1719805873486 9 21 0
orderbuy 50500 20.4 1719805878438 9 21 0
orderbuy 50400 21.05 1719806028467 9 23 0
orderbuy 54200 21.55 1719806488849 9 31 0
orderbuy 54400 21.45 1719806563763 9 32 0
orderbuy 50600 20.2 1719806633743 9 33 0
orderbuy 50600 20.7 1719806758602 9 35 0
orderbuy 54300 20.4 1719806773838 9 36 0
orderbuy 54300 20.7 1719806878815 9 37 0
orderbuy 54400 21.3 1719807013793 9 40 0
orderbuy 54500 20.95 1719807234448 9 43 0
orderbuy 54500 20.95 1719807258865 9 44 0
orderbuy 54500 20.05 1719807319057 9 45 0
orderbuy 54400 20.65 1719807508999 9 48 0
orderbuy 50800 20.25 1719808197336 9 59 0
orderbuy 50800 20.35 1719808475431 10 4 0
orderbuy 54400 21.35 1719808490752 10 4 0
orderbuy 54000 20.7 1719825143883 14 42 0
orderbuy 51000 21.15 1719825148546 14 42 0
orderbuy 54000 20.3 1719825208029 14 43 0
orderbuy 51000 20.3 1719825369054 14 46 0
orderbuy 54000 20.5 1719825443298 14 47 0
orderbuy 51000 20.1 1719825458166 14 47 0
