orderbuy 22100 22.45 1715053866160 9 21 0
buy 22100 22.45 1715053870990 9 21 0
ordersell 22100 23.45 1715053870991 9 21 0
cancelsell 22100 23.45 1715054011059 9 23 0
ordersell 22100 19.35 1715054011062 9 23 0
sell 22100 20.35 1715054016016 9 23 5.749999999999989
orderbuy 22100 20.5 1715054596138 9 33 0
buy 22100 20.5 1715054601115 9 33 0
ordersell 22100 21.5 1715054601116 9 33 0
cancelsell 22100 21.5 1715055531264 9 48 0
ordersell 22100 17 1715055531267 9 48 0
sell 22100 18 1715055536253 9 48 3.2499999999999893
orderbuy 22100 24.05 1715055936410 9 55 0
buy 22100 24.05 1715055941360 9 55 0
ordersell 22100 25.05 1715055941360 9 55 0
sell 22100 26.7 1715056306517 10 1 5.899999999999988
orderbuy 22050 20.55 1715056311417 10 1 0
buy 22050 20.55 1715056316567 10 1 0
ordersell 22050 21.55 1715056316567 10 1 0
sell 22050 24.6 1715056506818 10 5 9.949999999999989
orderbuy 21950 21.05 1715062804957 11 50 0
buy 21950 20.35 1715062809871 11 50 0
ordersell 21950 21.35 1715062809871 11 50 0
sell 21950 22.35 1715062896001 11 51 11.949999999999989
