orderbuy 49200 21.35 1718164032147 9 17 0
orderbuy 49200 21.35 1718164037110 9 17 0
orderbuy 49200 21.35 1718164042113 9 17 0
orderbuy 49200 21.35 1718164047207 9 17 0
orderbuy 49200 21.35 1718164052115 9 17 0
orderbuy 49200 21.35 1718164057136 9 17 0
orderbuy 50300 21.1 1718165531466 9 42 0
orderbuy 50400 21.8 1718165881568 9 48 0
orderbuy 49400 20.05 1718165886464 9 48 0
orderbuy 49400 20.05 1718165891585 9 48 0
orderbuy 49400 20.05 1718165896684 9 48 0
orderbuy 50700 24.8 1718169502219 10 48 0
orderbuy 50700 20.25 1718169510375 10 48 0
orderbuy 50700 20.25 1718169515325 10 48 0
orderbuy 49600 22.95 1718172152559 11 32 0
orderbuy 49700 20.35 1718172906147 11 45 0
orderbuy 49700 20.35 1718172910900 11 45 0
orderbuy 49700 20.35 1718172930978 11 45 0
orderbuy 49700 20.35 1718172935935 11 45 0
orderbuy 49700 20.35 1718172940916 11 45 0
orderbuy 49700 20.35 1718172946198 11 45 0
orderbuy 49700 20.35 1718172950999 11 45 0
orderbuy 49700 21.3 1718174451327 12 10 0
orderbuy 49600 21.25 1718176921941 12 52 0
orderbuy 50100 21.65 1718176985455 12 53 0
orderbuy 50100 21.65 1718176990561 12 53 0
orderbuy 50100 21.65 1718176995495 12 53 0
orderbuy 50100 21.65 1718177000466 12 53 0
orderbuy 50100 21.65 1718177005452 12 53 0
orderbuy 50100 21.65 1718177010477 12 53 0
orderbuy 50100 21.65 1718177015425 12 53 0
orderbuy 50200 20.9 1718177793295 13 6 0
