orderbuy 12775 20 1721102329247 9 28 0
buy 12775 20 1721102334015 9 28 0
ordersell 12775 21 1721102334015 9 28 0
sell 12775 21.45 1721102579071 9 32 1.4499999999999993
orderbuy 12275 20.1 1721102649119 9 34 0
buy 12275 20.1 1721102654071 9 34 0
ordersell 12275 21.1 1721102654071 9 34 0
cancelsell 12275 21.1 1721103384382 9 46 0
ordersell 12275 16.85 1721103384388 9 46 0
sell 12275 17.85 1721103389300 9 46 -0.8000000000000007
orderbuy 12850 20.05 1721104644662 10 7 0
buy 12850 20.05 1721104649658 10 7 0
ordersell 12850 21.05 1721104649659 10 7 0
cancelsell 12850 21.05 1721104804699 10 10 0
ordersell 12850 16.6 1721104804704 10 10 0
sell 12850 17.6 1721104809681 10 10 -3.25
orderbuy 12825 20.55 1721106930295 10 45 0
buy 12825 20.55 1721106935238 10 45 0
ordersell 12825 21.55 1721106935239 10 45 0
cancelsell 12825 21.55 1721108980901 11 19 0
ordersell 12825 17.5 1721108980904 11 19 0
sell 12825 18.5 1721108985797 11 19 -5.300000000000001
orderbuy 12300 20 1721110891399 11 51 0
buy 12300 20 1721110896353 11 51 0
ordersell 12300 21 1721110896354 11 51 0
sell 12300 21 1721111396632 11 59 -4.300000000000001
orderbuy 12300 20 1721111546618 12 2 0
buy 12300 20 1721111551599 12 2 0
ordersell 12300 21 1721111551599 12 2 0
sell 12300 21.05 1721112006742 12 10 -3.25
orderbuy 12275 21.3 1721112621858 12 20 0
buy 12275 21.3 1721112626852 12 20 0
ordersell 12275 22.3 1721112626855 12 20 0
cancelsell 12275 22.3 1721112766922 12 22 0
ordersell 12275 17.2 1721112766922 12 22 0
sell 12275 18.2 1721112771902 12 22 -6.350000000000001
orderbuy 12800 20.6 1721112906953 12 25 0
buy 12800 20.6 1721112911940 12 25 0
ordersell 12800 21.6 1721112911941 12 25 0
sell 12800 22.25 1721115462643 13 7 -4.700000000000003
orderbuy 12325 20.2 1721115537618 13 8 0
buy 12325 20.2 1721115542616 13 9 0
ordersell 12325 21.2 1721115542616 13 9 0
sell 12325 22.7 1721116077872 13 17 -2.200000000000003
orderbuy 12300 20.2 1721116412929 13 23 0
buy 12300 20.2 1721116418006 13 23 0
ordersell 12300 21.2 1721116418006 13 23 0
cancelsell 12300 21.2 1721117833349 13 47 0
ordersell 12300 16.95 1721117833350 13 47 0
sell 12300 17.95 1721117838368 13 47 -4.450000000000003
orderbuy 12300 20.6 1721119193805 14 9 0
buy 12300 20.6 1721119198635 14 9 0
ordersell 12300 21.6 1721119198636 14 9 0
sell 12300 22.75 1721119253731 14 10 -2.3000000000000043
orderbuy 12775 20.5 1721119453990 14 14 0
buy 12775 20.5 1721119458705 14 14 0
ordersell 12775 21.5 1721119458705 14 14 0
cancelsell 12775 21.5 1721120929374 14 38 0
ordersell 12775 17.45 1721120929376 14 38 0
sell 12775 18.45 1721120934179 14 38 -4.350000000000005
orderbuy 12300 20.15 1721121429591 14 47 0
buy 12300 20.15 1721121434516 14 47 0
ordersell 12300 21.15 1721121434516 14 47 0
sell 12300 21.45 1721121644422 14 50 -3.0500000000000043
orderbuy 12775 20.3 1721122304569 15 1 0
buy 12775 20.3 1721122309597 15 1 0
ordersell 12775 21.3 1721122309598 15 1 0
sell 12775 20.3 1721122324567 15 2 -22.350000000000005
