orderbuy 12625 20.55 1720583771691 9 26 0
buy 12625 20.55 1720583776631 9 26 0
ordersell 12625 21.55 1720583776632 9 26 0
cancelsell 12625 21.55 1720584061736 9 31 0
ordersell 12625 17.25 1720584061737 9 31 0
sell 12625 18.25 1720584066830 9 31 -2.3000000000000007
orderbuy 12625 20.05 1720584206752 9 33 0
buy 12625 20.05 1720584211743 9 33 0
ordersell 12625 21.05 1720584211745 9 33 0
cancelsell 12625 21.05 1720585062241 9 47 0
ordersell 12625 16.25 1720585062243 9 47 0
sell 12625 17.25 1720585067174 9 47 -5.100000000000001
orderbuy 12125 21 1720585682035 9 58 0
buy 12125 21 1720585682798 9 58 0
ordersell 12125 22 1720585682798 9 58 0
sell 12125 22.1 1720585727367 9 58 -4
orderbuy 12100 20.15 1720585943058 10 2 0
buy 12100 20.15 1720585947671 10 2 0
ordersell 12100 21.15 1720585947671 10 2 0
sell 12100 22.45 1720585957351 10 2 -1.6999999999999993
orderbuy 12075 20.15 1720586012756 10 3 0
buy 12075 20.15 1720586017364 10 3 0
ordersell 12075 21.15 1720586017364 10 3 0
cancelsell 12075 21.15 1720586097450 10 4 0
ordersell 12075 17 1720586097453 10 4 0
sell 12075 18 1720586102379 10 5 -3.849999999999998
orderbuy 12075 22.4 1720586358459 10 9 0
buy 12075 22.4 1720586362482 10 9 0
ordersell 12075 23.4 1720586362483 10 9 0
sell 12075 23.8 1720586432586 10 10 -2.4499999999999957
orderbuy 12050 20.35 1720586437510 10 10 0
buy 12050 20.35 1720586443190 10 10 0
ordersell 12050 21.35 1720586443191 10 10 0
sell 12050 25.8 1720586502831 10 11 3.0000000000000036
orderbuy 12025 22 1720586507607 10 11 0
buy 12025 22 1720586512868 10 11 0
ordersell 12025 23 1720586512869 10 11 0
cancelsell 12025 23 1720586623322 10 13 0
ordersell 12025 18.35 1720586623325 10 13 0
sell 12025 19.35 1720586627731 10 13 0.350000000000005
orderbuy 12550 20.05 1720586737805 10 15 0
buy 12550 20.05 1720586742696 10 15 0
ordersell 12550 21.05 1720586742697 10 15 0
cancelsell 12550 21.05 1720587147945 10 22 0
ordersell 12550 16.25 1720587147947 10 22 0
sell 12550 17.25 1720587152975 10 22 -2.4499999999999957
orderbuy 12000 22.3 1720587172830 10 22 0
buy 12000 22.3 1720587177907 10 22 0
ordersell 12000 23.3 1720587177908 10 22 0
sell 12000 25.15 1720587247912 10 24 0.40000000000000213
orderbuy 11975 21.55 1720587253195 10 24 0
buy 11975 21.55 1720587257888 10 24 0
ordersell 11975 22.55 1720587257889 10 24 0
sell 11975 22.55 1720587362896 10 26 1.4000000000000021
orderbuy 11950 20.5 1720587547963 10 29 0
buy 11950 20.5 1720587553039 10 29 0
ordersell 11950 21.5 1720587553039 10 29 0
cancelsell 11950 21.5 1720587703032 10 31 0
ordersell 11950 16.75 1720587703034 10 31 0
sell 11950 17.75 1720587708026 10 31 -1.3499999999999979
orderbuy 12525 20.2 1720587723304 10 32 0
buy 12525 20.2 1720587728064 10 32 0
ordersell 12525 21.2 1720587728064 10 32 0
cancelsell 12525 21.2 1720588003147 10 36 0
ordersell 12525 16.6 1720588003150 10 36 0
sell 12525 17.6 1720588008126 10 36 -3.9499999999999957
orderbuy 11925 20.55 1720588018148 10 36 0
buy 11925 20.55 1720588023167 10 37 0
ordersell 11925 21.55 1720588023167 10 37 0
sell 11925 23.9 1720588213241 10 40 -0.5999999999999979
orderbuy 11900 20.35 1720588218251 10 40 0
buy 11900 20.35 1720588223220 10 40 0
ordersell 11900 21.35 1720588223221 10 40 0
sell 11900 27.7 1720588278347 10 41 6.75
orderbuy 11850 21.15 1720588283241 10 41 0
buy 11850 21.15 1720588288233 10 41 0
ordersell 11850 22.15 1720588288233 10 41 0
cancelsell 11850 22.15 1720588448330 10 44 0
ordersell 11850 14.1 1720588448332 10 44 0
sell 11850 15.1 1720588453318 10 44 0.7000000000000011
orderbuy 12525 20.2 1720588693399 10 48 0
buy 12525 20.2 1720588698381 10 48 0
ordersell 12525 21.2 1720588698381 10 48 0
sell 12525 21.25 1720588898647 10 51 1.75
orderbuy 11950 20.7 1720589023526 10 53 0
buy 11950 20.7 1720589028960 10 53 0
ordersell 11950 21.7 1720589028960 10 53 0
cancelsell 11950 21.7 1720589193659 10 56 0
ordersell 11950 17.25 1720589193659 10 56 0
sell 11950 18.25 1720589198599 10 56 -0.6999999999999993
orderbuy 11975 20.1 1720589558878 11 2 0
buy 11975 20.1 1720589563768 11 2 0
ordersell 11975 21.1 1720589563768 11 2 0
sell 11975 21.55 1720589618852 11 3 0.75
orderbuy 12525 20.75 1720589633816 11 3 0
buy 12525 20.75 1720589638777 11 3 0
ordersell 12525 21.75 1720589638777 11 3 0
cancelsell 12525 21.75 1720589658851 11 4 0
ordersell 12525 17.7 1720589658851 11 4 0
sell 12525 20.75 1720589663792 11 4 0.75
orderbuy 12525 21.65 1720590128895 11 12 0
buy 12525 21.65 1720590133945 11 12 0
ordersell 12525 22.65 1720590133945 11 12 0
cancelsell 12525 22.65 1720590288987 11 14 0
ordersell 12525 17.55 1720590288987 11 14 0
sell 12525 18.55 1720590293960 11 14 -2.349999999999998
orderbuy 11950 20.15 1720590424042 11 17 0
buy 11950 20.15 1720590428996 11 17 0
ordersell 11950 21.15 1720590428997 11 17 0
cancelsell 11950 21.15 1720590619093 11 20 0
ordersell 11950 16.9 1720590619094 11 20 0
sell 11950 17.9 1720590624122 11 20 -4.599999999999998
orderbuy 11975 20 1720591129238 11 28 0
buy 11975 20 1720591134263 11 28 0
ordersell 11975 21 1720591134263 11 28 0
cancelsell 11975 21 1720591629619 11 37 0
ordersell 11975 16.9 1720591629622 11 37 0
sell 11975 17.9 1720591634570 11 37 -6.699999999999999
orderbuy 12550 20.1 1720591910863 11 41 0
buy 12550 20.1 1720591914660 11 41 0
ordersell 12550 21.1 1720591914660 11 41 0
sell 12550 21.95 1720592149793 11 45 -4.850000000000001
orderbuy 12075 20.8 1720593255273 12 4 0
buy 12075 20.8 1720593260172 12 4 0
ordersell 12075 21.8 1720593260173 12 4 0
sell 12075 23.25 1720594000453 12 16 -2.400000000000002
orderbuy 12050 20.05 1720594005475 12 16 0
buy 12050 20.05 1720594010462 12 16 0
ordersell 12050 21.05 1720594010463 12 16 0
sell 12050 23.1 1720594140571 12 19 0.6499999999999986
orderbuy 12025 20.5 1720594145522 12 19 0
buy 12025 20.5 1720594150606 12 19 0
ordersell 12025 21.5 1720594150606 12 19 0
cancelsell 12025 21.5 1720594440713 12 24 0
ordersell 12025 17.45 1720594440713 12 24 0
sell 12025 18.45 1720594445780 12 24 -1.4000000000000021
orderbuy 12025 20.25 1720594745747 12 29 0
buy 12025 20.25 1720594750774 12 29 0
ordersell 12025 21.25 1720594750777 12 29 0
cancelsell 12025 21.25 1720595070897 12 34 0
ordersell 12025 16.95 1720595070899 12 34 0
sell 12025 17.95 1720595075911 12 34 -3.700000000000003
orderbuy 12050 20 1720595381092 12 39 0
buy 12050 20 1720595386032 12 39 0
ordersell 12050 21 1720595386032 12 39 0
cancelsell 12050 21 1720596151519 12 52 0
ordersell 12050 16.7 1720596151521 12 52 0
sell 12050 17.7 1720596156281 12 52 -6.0000000000000036
orderbuy 12075 21.3 1720596531417 12 58 0
buy 12075 21.3 1720596536422 12 58 0
ordersell 12075 22.3 1720596536422 12 58 0
sell 12075 22.4 1720597891879 13 21 -4.900000000000006
orderbuy 12575 20.15 1720598497153 13 31 0
buy 12575 20.15 1720598502074 13 31 0
ordersell 12575 21.15 1720598502074 13 31 0
sell 12575 21.15 1720598782202 13 36 -3.9000000000000057
orderbuy 12575 20.3 1720599002257 13 40 0
buy 12575 20.3 1720599007288 13 40 0
ordersell 12575 21.3 1720599007288 13 40 0
cancelsell 12575 21.3 1720599652584 13 50 0
ordersell 12575 17.25 1720599652585 13 50 0
sell 12575 18.25 1720599657554 13 50 -5.950000000000006
orderbuy 12075 20 1720599782736 13 53 0
buy 12075 20 1720599787606 13 53 0
ordersell 12075 21 1720599787607 13 53 0
sell 12075 21.5 1720600442880 14 4 -4.450000000000006
orderbuy 12050 20.6 1720600662954 14 7 0
buy 12050 20.6 1720600667923 14 7 0
ordersell 12050 21.6 1720600667923 14 7 0
sell 12050 21.7 1720600877986 14 11 -3.3500000000000085
orderbuy 12550 20.7 1720600952980 14 12 0
buy 12550 20.7 1720600958022 14 12 0
ordersell 12550 21.7 1720600958022 14 12 0
sell 12550 21.9 1720601083134 14 14 -2.1500000000000092
orderbuy 12575 20.7 1720601428236 14 20 0
buy 12575 20.7 1720601433187 14 20 0
ordersell 12575 21.7 1720601433189 14 20 0
sell 12575 23.45 1720602098423 14 31 0.5999999999999908
orderbuy 12125 20.05 1720602233858 14 33 0
buy 12125 20.05 1720602238689 14 33 0
ordersell 12125 21.05 1720602238689 14 33 0
cancelsell 12125 21.05 1720602588605 14 39 0
ordersell 12125 15.149999999999999 1720602588608 14 39 0
sell 12125 16.15 1720602593626 14 39 -3.3000000000000114
orderbuy 12150 20.9 1720602823699 14 43 0
buy 12150 20.9 1720602828853 14 43 0
ordersell 12150 21.9 1720602828854 14 43 0
sell 12150 22.15 1720603253829 14 50 -2.0500000000000114
orderbuy 12600 20.55 1720603854094 15 0 0
buy 12600 20.55 1720603859018 15 0 0
ordersell 12600 21.55 1720603859019 15 0 0
sell 12600 21.05 1720603924064 15 2 -22.100000000000012
