orderbuy 22300 20.25 1714709594154 9 43 0
buy 22300 20.25 1714709599242 9 43 0
ordersell 22300 21.25 1714709599243 9 43 0
sell 22300 21.5 1714711024521 10 7 1.25
orderbuy 22250 20.1 1714711259614 10 10 0
buy 22250 20.1 1714711264606 10 11 0
ordersell 22250 21.1 1714711264606 10 11 0
sell 22250 21.65 1714711309624 10 11 2.799999999999997
orderbuy 22200 21.4 1714711904871 10 21 0
buy 22200 21.4 1714711909841 10 21 0
ordersell 22200 22.4 1714711909841 10 21 0
sell 22200 26.3 1714713419210 10 46 7.699999999999999
orderbuy 22150 21.45 1714713420467 10 47 0
buy 22150 21.45 1714713425475 10 47 0
ordersell 22150 22.45 1714713425475 10 47 0
sell 22150 23.3 1714715325104 11 18 9.55
orderbuy 22000 22.55 1714716389968 11 36 0
buy 22000 22.55 1714716395047 11 36 0
ordersell 22000 23.55 1714716395048 11 36 0
sell 22000 27.95 1714716489960 11 38 14.95
orderbuy 21950 23 1714716494955 11 38 0
buy 21950 23 1714716499951 11 38 0
ordersell 21950 24 1714716499952 11 38 0
sell 21950 24.2 1714716609979 11 40 16.15
orderbuy 21900 20.2 1714716615012 11 40 0
buy 21900 19.9 1714717529236 11 55 0
ordersell 21900 20.9 1714717529236 11 55 0
cancelsell 21900 20.9 1714717559043 11 55 0
ordersell 21900 15.649999999999999 1714717559046 11 55 0
sell 21900 16.65 1714717563987 11 56 12.899999999999999
orderbuy 22000 21 1714719545042 12 29 0
buy 22000 21 1714719550798 12 29 0
ordersell 22000 22 1714719550798 12 29 0
sell 22000 22 1714719610139 12 30 13.899999999999999
orderbuy 22000 20.05 1714720155203 12 39 0
buy 22000 20.05 1714720160168 12 39 0
ordersell 22000 21.05 1714720160169 12 39 0
cancelsell 22000 21.05 1714720295180 12 41 0
ordersell 22000 15.25 1714720295180 12 41 0
sell 22000 16.25 1714720300180 12 41 10.099999999999998
orderbuy 22050 23.95 1714720910338 12 51 0
buy 22050 23.95 1714720925354 12 52 0
ordersell 22050 24.95 1714720925357 12 52 0
sell 22050 25.3 1714720940342 12 52 11.45
orderbuy 22000 20.95 1714720945316 12 52 0
buy 22000 20.95 1714720950309 12 52 0
ordersell 22000 21.95 1714720950310 12 52 0
sell 22000 22.75 1714720970323 12 52 13.25
orderbuy 21950 20.55 1714721035368 12 53 0
buy 21950 20.55 1714721040394 12 54 0
ordersell 21950 21.55 1714721040394 12 54 0
sell 21950 21.8 1714721110424 12 55 14.5
orderbuy 21900 20.45 1714722555659 13 19 0
buy 21900 20.45 1714722560678 13 19 0
ordersell 21900 21.45 1714722560678 13 19 0
cancelsell 21900 21.45 1714722775732 13 22 0
ordersell 21900 17.2 1714722775733 13 22 0
sell 21900 18.2 1714722780722 13 23 12.25
orderbuy 21950 21 1714723215888 13 30 0
buy 21950 21 1714723220946 13 30 0
ordersell 21950 22 1714723220946 13 30 0
cancelsell 21950 22 1714723245870 13 30 0
ordersell 21950 17.9 1714723245870 13 30 0
sell 21950 18.9 1714723250882 13 30 10.149999999999999
orderbuy 21950 22.5 1714723375913 13 32 0
buy 21950 22.5 1714723380899 13 33 0
ordersell 21950 23.5 1714723380899 13 33 0
sell 21950 23.6 1714723460950 13 34 11.25
orderbuy 21900 20.75 1714723610971 13 36 0
buy 21900 20.75 1714723615989 13 36 0
ordersell 21900 21.75 1714723615990 13 36 0
sell 21900 22.2 1714723676003 13 37 12.7
orderbuy 21850 20.05 1714723801058 13 40 0
buy 21850 20.05 1714723806023 13 40 0
ordersell 21850 21.05 1714723806024 13 40 0
cancelsell 21850 21.05 1714724221264 13 47 0
ordersell 21850 17 1714724221267 13 47 0
sell 21850 18 1714724226205 13 47 10.649999999999999
orderbuy 21850 20 1714724571207 13 52 0
buy 21850 20 1714724576234 13 52 0
ordersell 21850 21 1714724576235 13 52 0
sell 21850 21.05 1714724626230 13 53 11.7
orderbuy 22950 20.3 1714724706268 13 55 0
buy 22950 20.3 1714724711232 13 55 0
ordersell 22950 21.3 1714724711232 13 55 0
sell 22950 21.35 1714724776319 13 56 12.75
orderbuy 21900 20.9 1714724781251 13 56 0
buy 21900 20.9 1714724786277 13 56 0
ordersell 21900 21.9 1714724786277 13 56 0
sell 21900 22.25 1714724931310 13 58 14.100000000000001
orderbuy 21900 20.15 1714725571439 14 9 0
buy 21900 20.15 1714725576455 14 9 0
ordersell 21900 21.15 1714725576455 14 9 0
sell 21900 21.3 1714725671483 14 11 15.250000000000004
orderbuy 22950 20.25 1714725856512 14 14 0
buy 22950 20.25 1714725861515 14 14 0
ordersell 22950 21.25 1714725861515 14 14 0
sell 22950 21.3 1714727401937 14 40 16.300000000000004
orderbuy 22000 20.65 1714727471937 14 41 0
buy 22000 20.65 1714727476947 14 41 0
ordersell 22000 21.65 1714727476948 14 41 0
sell 22000 22.7 1714727551958 14 42 18.350000000000005
orderbuy 22950 20.15 1714728507319 14 58 0
buy 22950 20.15 1714728512206 14 58 0
ordersell 22950 21.15 1714728512207 14 58 0
