orderbuy 12100 22.8 1718250544937 9 19 0
buy 12100 22.8 1718250549943 9 19 0
ordersell 12100 23.8 1718250549943 9 19 0
cancelsell 12100 23.8 1718250910109 9 25 0
ordersell 12100 18.8 1718250910109 9 25 0
sell 12100 19.8 1718250915057 9 25 -3
orderbuy 11800 20.15 1718257462427 11 14 0
buy 11800 20.15 1718257467342 11 14 0
ordersell 11800 21.15 1718257467342 11 14 0
sell 11800 22.5 1718257542623 11 15 -0.6499999999999986
orderbuy 11825 20.9 1718258682937 11 34 0
buy 11825 20.9 1718258687709 11 34 0
ordersell 11825 21.9 1718258687709 11 34 0
cancelsell 11825 21.9 1718259137885 11 42 0
ordersell 11825 16.35 1718259137886 11 42 0
sell 11825 17.35 1718259142867 11 42 -4.199999999999996
orderbuy 11825 20.25 1718261098638 12 14 0
buy 11825 20.25 1718261103452 12 15 0
ordersell 11825 21.25 1718261103452 12 15 0
sell 11825 22.75 1718261288497 12 18 -1.6999999999999957
orderbuy 12025 20.5 1718264303881 13 8 0
buy 12025 20.5 1718264309014 13 8 0
ordersell 12025 21.5 1718264309014 13 8 0
sell 12025 21.9 1718264519076 13 11 -0.29999999999999716
