orderbuy 24250 20.8 1717559223634 9 17 0
buy 24250 20.8 1717559228638 9 17 0
ordersell 24250 21.8 1717559228638 9 17 0
cancelsell 24250 21.8 1717559408716 9 20 0
ordersell 24250 17.45 1717559408719 9 20 0
sell 24250 18.45 1717559413716 9 20 -2.3500000000000014
orderbuy 22900 25 1717559433720 9 20 0
buy 22900 24 1717559438716 9 20 0
ordersell 22900 25 1717559438716 9 20 0
cancelsell 22900 25 1717559448715 9 20 0
ordersell 22900 15.95 1717559448716 9 20 0
sell 22900 16.95 1717559453718 9 20 -9.400000000000002
orderbuy 20550 20.2 1717559543734 9 22 0
buy 20550 20.2 1717559548712 9 22 0
ordersell 20550 21.2 1717559548713 9 22 0
cancelsell 20550 21.2 1717559618762 9 23 0
ordersell 20550 14.1 1717559618762 9 23 0
sell 20550 15.1 1717559623761 9 23 -14.500000000000002
orderbuy 20600 20.5 1717559708759 9 25 0
buy 20600 20.5 1717559713759 9 25 0
ordersell 20600 21.5 1717559713760 9 25 0
sell 20600 22 1717559763758 9 26 -13
orderbuy 22600 21.4 1717559778807 9 26 0
buy 22600 21.4 1717559783807 9 26 0
ordersell 22600 22.4 1717559783807 9 26 0
cancelsell 22600 22.4 1717559788778 9 26 0
ordersell 22600 17.85 1717559788779 9 26 0
sell 22600 18.85 1717559793820 9 26 -15.549999999999997
orderbuy 22650 20.9 1717559853769 9 27 0
buy 22650 20.9 1717559858768 9 27 0
ordersell 22650 21.9 1717559858768 9 27 0
sell 22650 27.05 1717559918806 9 28 -9.399999999999995
orderbuy 22700 23.95 1717559923872 9 28 0
buy 22700 23.95 1717559928805 9 28 0
ordersell 22700 24.95 1717559928805 9 28 0
sell 22700 25.15 1717559988854 9 29 -8.199999999999996
orderbuy 22750 22.35 1717559993803 9 29 0
buy 22750 22.35 1717559998858 9 29 0
ordersell 22750 23.35 1717559998858 9 29 0
sell 22750 24.5 1717560013823 9 30 -6.049999999999997
orderbuy 22800 21.7 1717560018861 9 30 0
buy 22800 21.7 1717560023854 9 30 0
ordersell 22800 22.7 1717560023854 9 30 0
sell 22800 25.1 1717560043854 9 30 -2.649999999999995
orderbuy 22900 20.9 1717560048809 9 30 0
buy 22900 20.9 1717560053811 9 30 0
ordersell 22900 21.9 1717560053811 9 30 0
cancelsell 22900 21.9 1717560068853 9 31 0
ordersell 22900 17.5 1717560068854 9 31 0
sell 22900 18.5 1717560073818 9 31 -5.049999999999994
orderbuy 22900 20.9 1717560083853 9 31 0
buy 22900 20.9 1717560088853 9 31 0
ordersell 22900 21.9 1717560088853 9 31 0
cancelsell 22900 21.9 1717560293872 9 34 0
ordersell 22900 16.35 1717560293874 9 34 0
sell 22900 17.35 1717560298897 9 34 -8.59999999999999
orderbuy 22800 20.85 1717560358909 9 35 0
buy 22800 20.85 1717560363896 9 36 0
ordersell 22800 21.85 1717560363896 9 36 0
cancelsell 22800 21.85 1717560448902 9 37 0
ordersell 22800 17.1 1717560448902 9 37 0
sell 22800 18.1 1717560453906 9 37 -11.34999999999999
orderbuy 20950 20 1717560528994 9 38 0
buy 20950 20 1717560533994 9 38 0
ordersell 20950 21 1717560533994 9 38 0
sell 20950 24.3 1717560578945 9 39 -7.04999999999999
orderbuy 20900 21.45 1717560583942 9 39 0
buy 20900 21.45 1717560588992 9 39 0
ordersell 20900 22.45 1717560588992 9 39 0
cancelsell 20900 22.45 1717560659091 9 40 0
ordersell 20900 17.75 1717560659091 9 40 0
sell 20900 18.75 1717560663991 9 41 -9.74999999999999
orderbuy 22750 20.2 1717560804889 9 43 0
buy 22750 20.2 1717560809889 9 43 0
ordersell 22750 21.2 1717560809890 9 43 0
cancelsell 22750 21.2 1717560884010 9 44 0
ordersell 22750 16.9 1717560884011 9 44 0
sell 22750 17.9 1717560888988 9 44 -12.04999999999999
orderbuy 22700 20.6 1717560904045 9 45 0
buy 22700 20.6 1717560909138 9 45 0
ordersell 22700 21.6 1717560909138 9 45 0
cancelsell 22700 21.6 1717560938999 9 45 0
ordersell 22700 15.7 1717560938999 9 45 0
sell 22700 16.7 1717560944037 9 45 -15.949999999999992
orderbuy 22650 22.35 1717560953999 9 45 0
buy 22650 22.35 1717560959088 9 45 0
ordersell 22650 23.35 1717560959089 9 45 0
cancelsell 22650 23.35 1717560969039 9 46 0
ordersell 22650 18.05 1717560969040 9 46 0
sell 22650 19.05 1717560974005 9 46 -19.249999999999996
orderbuy 22650 21.75 1717561044110 9 47 0
buy 22650 21.75 1717561049037 9 47 0
ordersell 22650 22.75 1717561049038 9 47 0
cancelsell 22650 22.75 1717561114048 9 48 0
ordersell 22650 18.65 1717561114051 9 48 0
sell 22650 19.65 1717561119038 9 48 -21.35
orderbuy 22650 21.05 1717561144089 9 49 0
buy 22650 21.05 1717561149051 9 49 0
ordersell 22650 22.05 1717561149051 9 49 0
cancelsell 22650 22.05 1717561194091 9 49 0
ordersell 22650 17.95 1717561194091 9 49 0
sell 22650 18.95 1717561199100 9 49 -23.450000000000006
orderbuy 20950 20.9 1717561299238 9 51 0
buy 20950 20.9 1717561304088 9 51 0
ordersell 20950 21.9 1717561304088 9 51 0
sell 20950 23.35 1717561394136 9 53 -21.000000000000007
orderbuy 20900 20.1 1717561399136 9 53 0
buy 20900 20.1 1717561404100 9 53 0
ordersell 20900 21.1 1717561404101 9 53 0
cancelsell 20900 21.1 1717561622428 9 57 0
ordersell 20900 15.149999999999999 1717561622430 9 57 0
sell 20900 16.15 1717561623827 9 57 -24.95000000000001
orderbuy 20950 20.15 1717561632329 9 57 0
buy 20950 20.15 1717561637359 9 57 0
ordersell 20950 21.15 1717561637359 9 57 0
cancelsell 20950 21.15 1717563467415 10 27 0
ordersell 20950 11.9 1717563467416 10 27 0
sell 20950 12.9 1717563472253 10 27 -32.20000000000001
orderbuy 22750 21 1717565604608 11 3 0
buy 22750 21 1717565606602 11 3 0
ordersell 22750 22 1717565606602 11 3 0
sell 22750 24.7 1717565646501 11 4 -28.50000000000001
orderbuy 22800 20.5 1717565651708 11 4 0
buy 22800 20.5 1717565656606 11 4 0
ordersell 22800 21.5 1717565656607 11 4 0
sell 22800 39.85 1717566656968 11 20 -9.150000000000013
orderbuy 23000 23.15 1717566658549 11 20 0
buy 23000 22.15 1717566662387 11 21 0
ordersell 23000 23.15 1717566662389 11 21 0
cancelsell 23000 23.15 1717575974079 13 56 0
ordersell 23000 17.4 1717575974083 13 56 0
sell 23000 18.4 1717575979219 13 56 -12.900000000000013
orderbuy 24050 27.7 1717575984372 13 56 0
buy 24050 22.7 1717575989258 13 56 0
ordersell 24050 23.7 1717575989258 13 56 0
sell 24050 22 1717583211193 15 56 -33.900000000000006
