orderbuy 23900 24.1 1721101634932 9 17 0
buy 23900 22.1 1721101640248 9 17 0
ordersell 23900 23.1 1721101640249 9 17 0
sell 23900 23.8 1721102274968 9 27 1.6999999999999993
orderbuy 23900 20.45 1721102380064 9 29 0
buy 23900 20.45 1721102384989 9 29 0
ordersell 23900 21.45 1721102384990 9 29 0
cancelsell 23900 21.45 1721102420159 9 30 0
ordersell 23900 16.95 1721102420162 9 30 0
sell 23900 17.95 1721102425011 9 30 -0.8000000000000007
orderbuy 23800 20.25 1721105430777 10 20 0
buy 23800 20.25 1721105435747 10 20 0
ordersell 23800 21.25 1721105435748 10 20 0
cancelsell 23800 21.25 1721105565785 10 22 0
ordersell 23800 16.85 1721105565788 10 22 0
sell 23800 17.85 1721105570896 10 22 -3.1999999999999993
orderbuy 23750 21.9 1721107021210 10 47 0
buy 23750 21.9 1721107026180 10 47 0
ordersell 23750 22.9 1721107026181 10 47 0
sell 23750 24.15 1721107211260 10 50 -0.9499999999999993
orderbuy 23650 20.55 1721107241268 10 50 0
buy 23650 20.55 1721107246271 10 50 0
ordersell 23650 21.55 1721107246272 10 50 0
sell 23650 21.8 1721107466354 10 54 0.3000000000000007
