orderbuy 55300 31.9 1719459950731 9 15 0
orderbuy 49700 36.15 1719459955734 9 15 0
orderbuy 55200 20.85 1719460041734 9 17 0
orderbuy 49800 20.35 1719460065887 9 17 0
orderbuy 55200 20.85 1719460075866 9 17 0
orderbuy 55200 20.75 1719460125928 9 18 0
orderbuy 49900 20.2 1719460130760 9 18 0
orderbuy 55200 20.75 1719460180735 9 19 0
orderbuy 49900 20.2 1719460185713 9 19 0
orderbuy 55200 20.2 1719460375740 9 22 0
orderbuy 55200 20.2 1719460420774 9 23 0
orderbuy 50100 21.05 1719460425878 9 23 0
orderbuy 50100 21.1 1719460670881 9 27 0
orderbuy 50000 20 1719460815794 9 30 0
orderbuy 50000 20.1 1719461036050 9 33 0
orderbuy 50000 20.1 1719461265980 9 37 0
orderbuy 50000 20.1 1719461311090 9 38 0
orderbuy 50000 20 1719461401079 9 40 0
orderbuy 55100 20.2 1719461586669 9 43 0
orderbuy 50200 20.1 1719461657719 9 44 0
orderbuy 55100 20.85 1719461796278 9 46 0
orderbuy 50200 20.75 1719461946187 9 49 0
orderbuy 55200 21.7 1719462121294 9 52 0
orderbuy 55200 21.15 1719462161423 9 52 0
orderbuy 55300 20.2 1719462371427 9 56 0
orderbuy 55300 20.2 1719462401598 9 56 0
orderbuy 55400 20.25 1719462521634 9 58 0
orderbuy 50300 20.3 1719462551639 9 59 0
orderbuy 55500 21.35 1719462756503 10 2 0
orderbuy 55600 22 1719462821730 10 3 0
orderbuy 55700 20.3 1719462876484 10 4 0
orderbuy 50300 20 1719462961694 10 6 0
orderbuy 50300 20 1719463001712 10 6 0
orderbuy 50300 20.35 1719463492300 10 14 0
orderbuy 55600 20.15 1719463631794 10 17 0
orderbuy 55600 20.2 1719463986895 10 23 0
orderbuy 50300 20.05 1719464186953 10 26 0
orderbuy 50300 20.05 1719464252123 10 27 0
orderbuy 50300 21.5 1719464722266 10 35 0
orderbuy 50200 20.5 1719464777264 10 36 0
orderbuy 50200 20.3 1719464802268 10 36 0
orderbuy 55400 20.15 1719464872443 10 37 0
orderbuy 50200 20.05 1719465157487 10 42 0
orderbuy 50100 21 1719465302443 10 45 0
orderbuy 55400 23.25 1719465733013 10 52 0
orderbuy 50200 20.45 1719465882629 10 54 0
orderbuy 55400 20.55 1719465962794 10 56 0
orderbuy 55400 20.45 1719466027523 10 57 0
orderbuy 55500 20.25 1719466382990 11 3 0
orderbuy 50300 20 1719467578191 11 22 0
orderbuy 55400 20 1719467643323 11 24 0
orderbuy 55400 20.2 1719467953465 11 29 0
orderbuy 55400 20.2 1719467993471 11 29 0
orderbuy 55400 20.4 1719468113596 11 31 0
orderbuy 50300 20.05 1719468513608 11 38 0
orderbuy 55400 20.05 1719468658713 11 40 0
orderbuy 55400 20.1 1719468783912 11 43 0
orderbuy 50400 20.15 1719470154285 12 5 0
orderbuy 55400 20.5 1719470224467 12 7 0
orderbuy 50400 20.1 1719470249406 12 7 0
orderbuy 50400 20.1 1719470294449 12 8 0
orderbuy 50400 20.15 1719470554410 12 12 0
orderbuy 55400 20.45 1719470604505 12 13 0
orderbuy 50400 20.1 1719470844420 12 17 0
orderbuy 50400 20 1719470969817 12 19 0
orderbuy 50400 20.15 1719471244795 12 24 0
orderbuy 50400 20.15 1719471534688 12 28 0
orderbuy 55400 20 1719471789854 12 33 0
orderbuy 55400 20.05 1719472155033 12 39 0
orderbuy 50400 20.2 1719472289984 12 41 0
orderbuy 50400 20.4 1719472660120 12 47 0
orderbuy 50400 20.35 1719472940418 12 52 0
orderbuy 50400 20.05 1719473090239 12 54 0
orderbuy 50300 20.25 1719473235412 12 57 0
orderbuy 55300 20.05 1719473520534 13 2 0
orderbuy 50300 20.5 1719473560972 13 2 0
orderbuy 50300 20.5 1719473595373 13 3 0
orderbuy 50300 20.5 1719473620585 13 3 0
orderbuy 50300 20.2 1719473980554 13 9 0
orderbuy 50400 20.15 1719474865849 13 24 0
orderbuy 55300 20.15 1719475050797 13 27 0
orderbuy 50300 20.3 1719475480987 13 34 0
orderbuy 50300 20.3 1719475521143 13 35 0
orderbuy 50300 20.25 1719475776145 13 39 0
orderbuy 50300 20.3 1719475901151 13 41 0
orderbuy 50300 20.1 1719476271404 13 47 0
orderbuy 50300 20.6 1719476446276 13 50 0
orderbuy 55200 20.25 1719476576454 13 52 0
orderbuy 50300 20.45 1719476681454 13 54 0
orderbuy 50300 20 1719476786418 13 56 0
orderbuy 50400 20 1719477236857 14 3 0
orderbuy 50300 20.15 1719477731755 14 12 0
orderbuy 55200 20 1719477926779 14 15 0
orderbuy 55200 20 1719478051920 14 17 0
orderbuy 50300 20.05 1719478757192 14 29 0
orderbuy 50300 20.15 1719478912401 14 31 0
orderbuy 55100 20.05 1719479262318 14 37 0
orderbuy 55200 20.1 1719479747555 14 45 0
orderbuy 50400 20.1 1719479777515 14 46 0
orderbuy 50400 20.35 1719479887538 14 48 0
orderbuy 50400 20.15 1719480042593 14 50 0
orderbuy 55200 20 1719480307714 14 55 0
orderbuy 55200 20 1719480352771 14 55 0
orderbuy 55200 20.1 1719480462905 14 57 0
orderbuy 55200 20.1 1719480502744 14 58 0
orderbuy 50400 20.15 1719480647973 15 0 0
