orderbuy 21350 21.6 1715313103393 9 21 0
buy 21350 21.6 1715313108486 9 21 0
ordersell 21350 22.6 1715313108487 9 21 0
cancelsell 21350 22.6 1715313273445 9 24 0
ordersell 21350 18.1 1715313273446 9 24 0
sell 21350 19.1 1715313278453 9 24 -2.5
orderbuy 21350 20.95 1715313288446 9 24 0
buy 21350 20.95 1715313293529 9 24 0
ordersell 21350 21.95 1715313293530 9 24 0
cancelsell 21350 21.95 1715313318529 9 25 0
ordersell 21350 17.55 1715313318529 9 25 0
sell 21350 18.55 1715313323545 9 25 -4.899999999999999
