orderbuy 22250 21.8 1718077871588 9 21 0
buy 22250 21.8 1718077876538 9 21 0
ordersell 22250 22.8 1718077876539 9 21 0
cancelsell 22250 22.8 1718078071644 9 24 0
ordersell 22250 17.45 1718078071644 9 24 0
sell 22250 18.45 1718078076594 9 24 -3.3500000000000014
orderbuy 22250 22.05 1718078226648 9 27 0
buy 22250 22.05 1718078231654 9 27 0
ordersell 22250 23.05 1718078231654 9 27 0
cancelsell 22250 23.05 1718078346653 9 29 0
ordersell 22250 17.15 1718078346653 9 29 0
sell 22250 20.7 1718078351701 9 29 -4.700000000000003
orderbuy 22200 21.45 1718078631741 9 33 0
buy 22200 21.45 1718078636786 9 33 0
ordersell 22200 22.45 1718078636787 9 33 0
cancelsell 22200 22.45 1718078711789 9 35 0
ordersell 22200 16.75 1718078711789 9 35 0
sell 22200 17.75 1718078716788 9 35 -8.400000000000002
orderbuy 22200 20.5 1718079141863 9 42 0
buy 22200 20.5 1718079146865 9 42 0
ordersell 22200 21.5 1718079146866 9 42 0
sell 22200 24.45 1718079356958 9 45 -4.450000000000003
orderbuy 22250 21.8 1718079502040 9 48 0
buy 22250 21.8 1718079506940 9 48 0
ordersell 22250 22.8 1718079506941 9 48 0
sell 22250 23.55 1718079516991 9 48 -2.700000000000003
