orderbuy 22050 20.8 1718769207123 9 23 0
buy 22050 20.8 1718769212059 9 23 0
ordersell 22050 21.8 1718769212059 9 23 0
cancelsell 22050 21.8 1718769292078 9 24 0
ordersell 22050 17.55 1718769292078 9 24 0
sell 22050 18.55 1718769297087 9 24 -2.25
orderbuy 22100 20.35 1718769392121 9 26 0
buy 22100 20.35 1718769397143 9 26 0
ordersell 22100 21.35 1718769397144 9 26 0
sell 22100 21.45 1718769462167 9 27 -1.1500000000000021
orderbuy 23250 20.8 1718769587181 9 29 0
buy 23250 20.8 1718769592227 9 29 0
ordersell 23250 21.8 1718769592227 9 29 0
cancelsell 23250 21.8 1718769702239 9 31 0
ordersell 23250 16.45 1718769702240 9 31 0
sell 23250 17.45 1718769707339 9 31 -4.5000000000000036
orderbuy 23250 20.35 1718769772385 9 32 0
buy 23250 20.35 1718769777207 9 32 0
ordersell 23250 21.35 1718769777207 9 32 0
sell 23250 21.85 1718769997580 9 36 -3.0000000000000036
orderbuy 23250 21.05 1718770517774 9 45 0
buy 23250 21.05 1718770547712 9 45 0
ordersell 23250 22.05 1718770547712 9 45 0
sell 23250 22.95 1718770562594 9 46 -1.100000000000005
orderbuy 23300 20.7 1718770597638 9 46 0
buy 23300 20.7 1718770602452 9 46 0
ordersell 23300 21.7 1718770602452 9 46 0
sell 23300 22.3 1718770627460 9 47 0.49999999999999645
orderbuy 23300 20.6 1718770812650 9 50 0
buy 23300 20.6 1718770817596 9 50 0
ordersell 23300 21.6 1718770817597 9 50 0
sell 23300 27 1718771167731 9 56 6.899999999999995
orderbuy 23350 22.25 1718771172698 9 56 0
buy 23350 22.25 1718771177820 9 56 0
ordersell 23350 23.25 1718771177820 9 56 0
sell 23350 27.35 1718771237763 9 57 11.999999999999996
orderbuy 23400 22.9 1718771242716 9 57 0
buy 23400 22.9 1718771247751 9 57 0
ordersell 23400 23.9 1718771247752 9 57 0
sell 23400 25.6 1718771288082 9 58 14.7
orderbuy 22100 20.35 1718771312826 9 58 0
buy 22100 20.35 1718771318034 9 58 0
ordersell 22100 21.35 1718771318034 9 58 0
sell 22100 22 1718772293022 10 14 16.349999999999998
orderbuy 23450 21 1718772303056 10 15 0
buy 23450 21 1718772308031 10 15 0
ordersell 23450 22 1718772308031 10 15 0
cancelsell 23450 22 1718772328387 10 15 0
ordersell 23450 15.899999999999999 1718772328387 10 15 0
sell 23450 19.45 1718772338130 10 15 14.799999999999997
orderbuy 23400 20.85 1718772358209 10 15 0
buy 23400 20.85 1718772363056 10 16 0
ordersell 23400 21.85 1718772363056 10 16 0
cancelsell 23400 21.85 1718772758430 10 22 0
ordersell 23400 17.75 1718772758430 10 22 0
sell 23400 18.75 1718772763230 10 22 12.699999999999996
orderbuy 22050 22.1 1718772913496 10 25 0
buy 22050 22.1 1718772918273 10 25 0
ordersell 22050 23.1 1718772918274 10 25 0
sell 22050 23.75 1718773283244 10 31 14.349999999999994
orderbuy 22000 20.55 1718773288307 10 31 0
buy 22000 20.55 1718773293265 10 31 0
ordersell 22000 21.55 1718773293266 10 31 0
sell 22000 23.1 1718773328515 10 32 16.899999999999995
orderbuy 21950 20.35 1718773383601 10 33 0
buy 21950 20.35 1718773388393 10 33 0
ordersell 21950 21.35 1718773388394 10 33 0
cancelsell 21950 21.35 1718773453401 10 34 0
ordersell 21950 17.1 1718773453402 10 34 0
sell 21950 18.1 1718773458673 10 34 14.649999999999995
orderbuy 23200 22.9 1718773523283 10 35 0
buy 23200 22.9 1718773528321 10 35 0
ordersell 23200 23.9 1718773528321 10 35 0
cancelsell 23200 23.9 1718773658482 10 37 0
ordersell 23200 19.65 1718773658483 10 37 0
sell 23200 20.65 1718773663597 10 37 12.399999999999995
orderbuy 23200 20.4 1718773888451 10 41 0
buy 23200 20.4 1718773893410 10 41 0
ordersell 23200 21.4 1718773893411 10 41 0
sell 23200 21.75 1718773968437 10 42 13.749999999999996
orderbuy 23300 21.4 1718774963628 10 59 0
buy 23300 21.4 1718774968667 10 59 0
ordersell 23300 22.4 1718774968668 10 59 0
sell 23300 23.5 1718774988896 10 59 15.849999999999998
orderbuy 22100 20.95 1718774998686 10 59 0
buy 22100 20.95 1718775003643 11 0 0
ordersell 22100 21.95 1718775003643 11 0 0
cancelsell 22100 21.95 1718775048654 11 0 0
ordersell 22100 17.55 1718775048655 11 0 0
sell 22100 18.55 1718775053652 11 0 13.45
orderbuy 22100 20 1718775063750 11 1 0
buy 22100 20 1718775068667 11 1 0
ordersell 22100 21 1718775068667 11 1 0
sell 22100 21.15 1718775638885 11 10 14.599999999999998
orderbuy 22100 20 1718775914023 11 15 0
buy 22100 20 1718775919123 11 15 0
ordersell 22100 21 1718775919123 11 15 0
sell 22100 22.1 1718776474370 11 24 16.7
orderbuy 23300 21.1 1718776489109 11 24 0
buy 23300 21.1 1718776494131 11 24 0
ordersell 23300 22.1 1718776494132 11 24 0
sell 23300 24.15 1718777624663 11 43 19.749999999999996
orderbuy 23350 20.25 1718777629618 11 43 0
buy 23350 20.25 1718777634641 11 43 0
ordersell 23350 21.25 1718777634641 11 43 0
sell 23350 22.6 1718777939749 11 48 22.099999999999998
orderbuy 23350 21 1718779235018 12 10 0
buy 23350 21 1718779239952 12 10 0
ordersell 23350 22 1718779239952 12 10 0
sell 23350 25.5 1718779700152 12 18 26.599999999999998
orderbuy 23400 21.5 1718779705225 12 18 0
buy 23400 21.5 1718779710307 12 18 0
ordersell 23400 22.5 1718779710307 12 18 0
cancelsell 23400 22.5 1718779755574 12 19 0
ordersell 23400 17.95 1718779755574 12 19 0
sell 23400 18.95 1718779760271 12 19 24.049999999999997
orderbuy 22150 20.1 1718780645583 12 34 0
buy 22150 20.1 1718780650713 12 34 0
ordersell 22150 21.1 1718780650713 12 34 0
sell 22150 21.1 1718782846216 13 10 25.049999999999997
orderbuy 22150 20.45 1718783751520 13 25 0
buy 22150 20.45 1718783756485 13 25 0
ordersell 22150 21.45 1718783756486 13 25 0
cancelsell 22150 21.45 1718785377107 13 52 0
ordersell 22150 17.4 1718785377110 13 52 0
sell 22150 18.4 1718785382011 13 53 22.999999999999996
orderbuy 23450 21.15 1718785742175 13 59 0
buy 23450 21.15 1718785747122 13 59 0
ordersell 23450 22.15 1718785747122 13 59 0
sell 23450 24.95 1718785872309 14 1 26.799999999999997
orderbuy 23500 21.3 1718785877161 14 1 0
buy 23500 21.3 1718785882222 14 1 0
ordersell 23500 22.3 1718785882222 14 1 0
sell 23500 23.55 1718786017216 14 3 29.049999999999997
orderbuy 23550 20.3 1718786212418 14 6 0
buy 23550 20.3 1718786217327 14 6 0
ordersell 23550 21.3 1718786217327 14 6 0
sell 23550 22.95 1718786342414 14 9 31.699999999999996
orderbuy 23600 20.1 1718786347417 14 9 0
buy 23600 20.1 1718786352368 14 9 0
ordersell 23600 21.1 1718786352368 14 9 0
sell 23600 21.15 1718786412441 14 10 32.74999999999999
orderbuy 23650 20.7 1718786562490 14 12 0
buy 23650 20.7 1718786567460 14 12 0
ordersell 23650 21.7 1718786567460 14 12 0
cancelsell 23650 21.7 1718786577512 14 12 0
ordersell 23650 17.25 1718786577513 14 12 0
sell 23650 18.25 1718786582461 14 13 30.299999999999994
orderbuy 23650 20.7 1718786592511 14 13 0
buy 23650 20.7 1718786597456 14 13 0
ordersell 23650 21.7 1718786597457 14 13 0
cancelsell 23650 21.7 1718786867729 14 17 0
ordersell 23650 16 1718786867730 14 17 0
sell 23650 17 1718786872632 14 17 26.599999999999994
orderbuy 23650 22.05 1718787142586 14 22 0
cancelbuy 23650 22.05 1718787317734 14 25 0
orderbuy 23750 20.55 1718787322635 14 25 0
buy 23750 20.55 1718787327700 14 25 0
ordersell 23750 21.55 1718787327701 14 25 0
sell 23650 23.45 1718787332655 14 25 29.499999999999993
orderbuy 23750 18.55 1718787332665 14 25 0
buy 23750 18.55 1718787338147 14 25 0
ordersell 23750 19.55 1718787338147 14 25 0
sell 23750 20 1718787372758 14 26 30.949999999999992
orderbuy 23750 20 1718787422820 14 27 0
buy 23750 20 1718787427748 14 27 0
ordersell 23750 21 1718787427748 14 27 0
cancelsell 23750 21 1718787737799 14 32 0
ordersell 23750 16.85 1718787737801 14 32 0
sell 23750 17.85 1718787742755 14 32 28.799999999999994
orderbuy 23750 21 1718787869243 14 34 0
buy 23750 21 1718787872780 14 34 0
ordersell 23750 22 1718787872781 14 34 0
sell 23750 25.25 1718788093123 14 38 33.05
orderbuy 23800 21.45 1718788097879 14 38 0
buy 23800 21 1718788102919 14 38 0
ordersell 23800 22 1718788102919 14 38 0
sell 23800 25.4 1718788132903 14 38 37.449999999999996
orderbuy 23850 22 1718788137885 14 38 0
buy 23850 22 1718788148119 14 39 0
ordersell 23850 23 1718788148119 14 39 0
sell 23850 26.2 1718788212922 14 40 41.64999999999999
orderbuy 23900 24 1718788217910 14 40 0
buy 23900 24 1718788222964 14 40 0
ordersell 23900 25 1718788222965 14 40 0
cancelsell 23900 25 1718788283026 14 41 0
ordersell 23900 18.75 1718788283027 14 41 0
sell 23900 19.75 1718788287934 14 41 37.39999999999999
orderbuy 23900 21.05 1718788368003 14 42 0
buy 23900 21.05 1718788372967 14 42 0
ordersell 23900 22.05 1718788372968 14 42 0
cancelsell 23900 22.05 1718788428831 14 43 0
ordersell 23900 16.9 1718788428832 14 43 0
sell 23900 17.9 1718788432989 14 43 34.249999999999986
orderbuy 22200 20.3 1718788938551 14 52 0
buy 22200 20.3 1718788943092 14 52 0
ordersell 22200 21.3 1718788943092 14 52 0
sell 22200 19.1 1718789523309 15 2 16.149999999999984
