orderbuy 47900 20.05 1718250475908 9 17 0
orderbuy 51900 20.65 1718250595926 9 19 0
orderbuy 51900 20.1 1718250735972 9 22 0
orderbuy 51900 20.65 1718250901084 9 25 0
orderbuy 48000 20.3 1718257697520 11 18 0
orderbuy 48000 21 1718257903085 11 21 0
orderbuy 47900 20.5 1718258027651 11 23 0
orderbuy 51600 20.85 1718259583013 11 49 0
orderbuy 48100 20.2 1718259628060 11 50 0
orderbuy 48100 20.2 1718259723040 11 52 0
orderbuy 48100 20 1718260093223 11 58 0
orderbuy 48100 20.15 1718260308235 12 1 0
orderbuy 51600 20.35 1718260443766 12 4 0
orderbuy 51600 20.3 1718260513428 12 5 0
orderbuy 48100 20.4 1718260743330 12 9 0
orderbuy 48100 20.25 1718261403552 12 20 0
orderbuy 48100 20.25 1718261448607 12 20 0
orderbuy 51600 20.2 1718262118713 12 31 0
orderbuy 48100 20.05 1718262943958 12 45 0
orderbuy 48100 20.2 1718263073909 12 47 0
orderbuy 48200 20.35 1718264594099 13 13 0
orderbuy 48200 20.1 1718265504315 13 28 0
orderbuy 48200 20.1 1718265544202 13 29 0
orderbuy 48200 20.65 1718265834538 13 33 0
orderbuy 48200 20.1 1718266029514 13 37 0
orderbuy 48200 20.1 1718266059435 13 37 0
orderbuy 48200 20.3 1718266229910 13 40 0
orderbuy 48200 20.25 1718266299583 13 41 0
