orderbuy 48400 21.25 1718337181304 9 23 0
orderbuy 48300 20.65 1718337246324 9 24 0
orderbuy 48200 20.55 1718337391356 9 26 0
orderbuy 51100 20.1 1718338236668 9 40 0
orderbuy 48300 21.1 1718338246666 9 40 0
orderbuy 48300 20.7 1718338276679 9 41 0
orderbuy 51100 20.85 1718338736838 9 48 0
orderbuy 48400 21.6 1718338751845 9 49 0
orderbuy 51100 20.85 1718338766822 9 49 0
orderbuy 51100 20.85 1718338961881 9 52 0
orderbuy 51100 20.45 1718339332072 9 58 0
orderbuy 51100 20.45 1718339372026 9 59 0
orderbuy 51200 21.3 1718339452055 10 0 0
orderbuy 51300 21.6 1718339552185 10 2 0
orderbuy 48600 20.3 1718339752220 10 5 0
orderbuy 51300 20.3 1718339782176 10 6 0
orderbuy 48600 20.6 1718339817183 10 6 0
orderbuy 51300 20.3 1718339827196 10 7 0
orderbuy 51300 22.75 1718339927223 10 8 0
orderbuy 51400 22.15 1718340077280 10 11 0
orderbuy 51400 21.4 1718340652590 10 20 0
orderbuy 48700 20.2 1718340832601 10 23 0
orderbuy 51400 20.05 1718341133018 10 28 0
orderbuy 51400 20.05 1718341193058 10 29 0
orderbuy 51400 20.35 1718341793201 10 39 0
orderbuy 51400 20 1718341848223 10 40 0
orderbuy 48700 20.5 1718341923369 10 42 0
orderbuy 51400 20 1718341938378 10 42 0
orderbuy 48700 20.5 1718341948259 10 42 0
orderbuy 51300 20.55 1718342708568 10 55 0
orderbuy 51300 20.3 1718343468891 11 7 0
orderbuy 48700 20.25 1718343563883 11 9 0
orderbuy 48700 20.35 1718344239389 11 20 0
orderbuy 48700 20.05 1718344429410 11 23 0
orderbuy 48700 20.05 1718344654513 11 27 0
orderbuy 48700 20.25 1718347355315 12 12 0
orderbuy 48700 20.25 1718347420391 12 13 0
orderbuy 51100 20 1718347460299 12 14 0
orderbuy 51100 21.75 1718349696578 12 51 0
orderbuy 51100 20 1718350721850 13 8 0
orderbuy 51100 20.45 1718355968833 14 36 0
orderbuy 48800 20.5 1718355973812 14 36 0
orderbuy 51000 21.7 1718356433997 14 43 0
orderbuy 51000 21.7 1718356438989 14 43 0
orderbuy 51000 21.7 1718356444185 14 44 0
orderbuy 51000 21.8 1718356488970 14 44 0
orderbuy 51000 21.8 1718356493947 14 44 0
orderbuy 51000 21.8 1718356499084 14 44 0
orderbuy 51000 21.8 1718356503927 14 45 0
orderbuy 51000 21.8 1718356509034 14 45 0
orderbuy 51000 21.8 1718356529095 14 45 0
orderbuy 51000 21.8 1718356534014 14 45 0
