orderbuy 12575 20 1719376715547 10 8 0
buy 12575 20 1719376720538 10 8 0
ordersell 12575 21 1719376720538 10 8 0
sell 12575 21.05 1719377535858 10 22 1.0500000000000007
orderbuy 12600 20.85 1719377540924 10 22 0
buy 12600 20.85 1719377545865 10 22 0
ordersell 12600 21.85 1719377545866 10 22 0
cancelsell 12600 21.85 1719377700931 10 25 0
ordersell 12600 17.5 1719377700931 10 25 0
sell 12600 18.5 1719377705911 10 25 -1.3000000000000007
orderbuy 11875 20.05 1719378326177 10 35 0
buy 11875 20.05 1719378331134 10 35 0
ordersell 11875 21.05 1719378331135 10 35 0
cancelsell 11875 21.05 1719379126420 10 48 0
ordersell 11875 16.95 1719379126421 10 48 0
sell 11875 17.95 1719379131411 10 48 -3.400000000000002
orderbuy 11900 20 1719379266487 10 51 0
buy 11900 20 1719379271521 10 51 0
ordersell 11900 21 1719379271521 10 51 0
cancelsell 11900 21 1719379931876 11 2 0
ordersell 11900 16.75 1719379931879 11 2 0
sell 11900 17.75 1719379936783 11 2 -5.650000000000002
orderbuy 12600 20.5 1719381597316 11 29 0
buy 12600 20.5 1719381602273 11 30 0
ordersell 12600 21.5 1719381602274 11 30 0
sell 12600 22.85 1719381672358 11 31 -3.3000000000000007
orderbuy 12625 20.7 1719381907366 11 35 0
buy 12625 20.7 1719381912515 11 35 0
ordersell 12625 21.7 1719381912516 11 35 0
cancelsell 12625 21.7 1719381967480 11 36 0
ordersell 12625 17.5 1719381967480 11 36 0
sell 12625 18.5 1719381972420 11 36 -5.5
orderbuy 11975 21.05 1719382052554 11 37 0
buy 11975 21.05 1719382057509 11 37 0
ordersell 11975 22.05 1719382057509 11 37 0
sell 11975 22.15 1719382507711 11 45 -4.400000000000002
orderbuy 11950 20.2 1719382512640 11 45 0
buy 11950 20.2 1719382517880 11 45 0
ordersell 11950 21.2 1719382517880 11 45 0
cancelsell 11950 21.2 1719383143082 11 55 0
ordersell 11950 16.35 1719383143083 11 55 0
sell 11950 17.35 1719383147853 11 55 -7.25
orderbuy 11975 20.05 1719383323008 11 58 0
buy 11975 20.05 1719383327933 11 58 0
ordersell 11975 21.05 1719383327933 11 58 0
cancelsell 11975 21.05 1719385113601 12 28 0
ordersell 11975 16.7 1719385113602 12 28 0
sell 11975 17.7 1719385118584 12 28 -9.600000000000001
orderbuy 12000 20 1719385183633 12 29 0
buy 12000 20 1719385188679 12 29 0
ordersell 12000 21 1719385188679 12 29 0
sell 12000 21.1 1719385399116 12 33 -8.5
orderbuy 11975 22 1719386424140 12 50 0
buy 11975 22 1719386429168 12 50 0
ordersell 11975 23 1719386429168 12 50 0
sell 11975 23.75 1719387274530 13 4 -6.75
orderbuy 11950 21.05 1719387279378 13 4 0
buy 11950 21.05 1719387284427 13 4 0
ordersell 11950 22.05 1719387284427 13 4 0
cancelsell 11950 22.05 1719387639706 13 10 0
ordersell 11950 17.85 1719387639706 13 10 0
sell 11950 18.85 1719387644616 13 10 -8.95
orderbuy 12575 20 1719387999837 13 16 0
buy 12575 20 1719388004755 13 16 0
ordersell 12575 21 1719388004755 13 16 0
sell 12575 21.25 1719388289843 13 21 -7.699999999999999
orderbuy 11975 20.9 1719389040111 13 34 0
buy 11975 20.9 1719389045230 13 34 0
ordersell 11975 21.9 1719389045231 13 34 0
cancelsell 11975 21.9 1719390160443 13 52 0
ordersell 11975 17.55 1719390160445 13 52 0
sell 11975 18.55 1719390165461 13 52 -10.049999999999997
orderbuy 11975 20.5 1719391961095 14 22 0
buy 11975 20.5 1719391966100 14 22 0
ordersell 11975 21.5 1719391966101 14 22 0
cancelsell 11975 21.5 1719392256259 14 27 0
ordersell 11975 17.2 1719392256260 14 27 0
sell 11975 18.2 1719392261186 14 27 -12.349999999999998
orderbuy 11975 20.5 1719393466726 14 47 0
buy 11975 20.5 1719393471692 14 47 0
ordersell 11975 21.5 1719393471693 14 47 0
sell 11975 21.75 1719393886809 14 54 -11.099999999999994
orderbuy 12550 20.1 1719393912172 14 55 0
buy 12550 20.1 1719393916818 14 55 0
ordersell 12550 21.1 1719393916819 14 55 0
sell 12550 19.25 1719394322205 15 2 -29.349999999999994
