orderbuy 24300 26.1 1720151103507 9 15 0
buy 24300 22.1 1720151108377 9 15 0
ordersell 24300 23.1 1720151108378 9 15 0
cancelsell 24300 23.1 1720156340559 10 42 0
ordersell 24300 3.8499999999999996 1720156340562 10 42 0
sell 24300 4.85 1720156345434 10 42 -17.25
orderbuy 24000 20.1 1720156615730 10 46 0
buy 24000 20.1 1720156620577 10 47 0
ordersell 24000 21.1 1720156620578 10 47 0
sell 24000 21.2 1720156685490 10 48 -16.150000000000002
orderbuy 23250 20.95 1720156690492 10 48 0
buy 23250 20.95 1720156695514 10 48 0
ordersell 23250 21.95 1720156695514 10 48 0
cancelsell 23250 21.95 1720156910651 10 51 0
ordersell 23250 17.85 1720156910654 10 51 0
sell 23250 18.85 1720156915563 10 51 -18.25
orderbuy 24000 20.1 1720157495615 11 1 0
buy 24000 20.1 1720157500549 11 1 0
ordersell 24000 21.1 1720157500550 11 1 0
cancelsell 24000 21.1 1720157920679 11 8 0
ordersell 24000 17.05 1720157920679 11 8 0
sell 24000 18.05 1720157925695 11 8 -20.3
orderbuy 23250 21 1720157990678 11 9 0
buy 23250 21 1720157995686 11 9 0
ordersell 23250 22 1720157995687 11 9 0
cancelsell 23250 22 1720159001169 11 26 0
ordersell 23250 17.35 1720159001172 11 26 0
sell 23250 18.35 1720159006124 11 26 -22.949999999999996
orderbuy 23250 20.15 1720159156657 11 29 0
buy 23250 20.15 1720159161086 11 29 0
ordersell 23250 21.15 1720159161086 11 29 0
cancelsell 23250 21.15 1720159726434 11 38 0
ordersell 23250 16.75 1720159726436 11 38 0
sell 23250 17.75 1720159731100 11 38 -25.349999999999994
orderbuy 24000 20.1 1720160076381 11 44 0
buy 24000 20.1 1720160081336 11 44 0
ordersell 24000 21.1 1720160081337 11 44 0
cancelsell 24000 21.1 1720161112099 12 1 0
ordersell 24000 16.9 1720161112102 12 1 0
sell 24000 17.9 1720161116683 12 1 -27.549999999999997
orderbuy 23250 22.45 1720165348557 13 12 0
buy 23250 22.45 1720165353445 13 12 0
ordersell 23250 23.45 1720165353445 13 12 0
sell 23250 23.8 1720165393294 13 13 -26.2
orderbuy 23950 20 1720165983592 13 23 0
buy 23950 20 1720165988497 13 23 0
ordersell 23950 21 1720165988497 13 23 0
sell 23950 21.1 1720166913992 13 38 -25.1
orderbuy 23250 20.5 1720167419267 13 46 0
buy 23250 20.5 1720167424241 13 47 0
ordersell 23250 21.5 1720167424241 13 47 0
sell 23250 21.95 1720167669436 13 51 -23.650000000000002
orderbuy 23250 20.15 1720168204664 14 0 0
buy 23250 20.15 1720168209547 14 0 0
ordersell 23250 21.15 1720168209548 14 0 0
sell 23250 21.6 1720168404689 14 3 -22.199999999999996
orderbuy 23250 20.7 1720169880393 14 28 0
buy 23250 20.7 1720169885454 14 28 0
ordersell 23250 21.7 1720169885454 14 28 0
cancelsell 23250 21.7 1720170305553 14 35 0
ordersell 23250 17.2 1720170305556 14 35 0
sell 23250 18.2 1720170310541 14 35 -24.699999999999992
