orderbuy 22050 21.9 1718337211087 9 23 0
buy 22050 21.9 1718337216086 9 23 0
ordersell 22050 22.9 1718337216087 9 23 0
sell 22050 23.15 1718337306309 9 25 1.25
orderbuy 22500 21.55 1718338826711 9 50 0
buy 22500 21.55 1718338831695 9 50 0
ordersell 22500 22.55 1718338831695 9 50 0
sell 22500 22.8 1718339376955 9 59 2.5
orderbuy 22600 21.3 1718339511958 10 1 0
buy 22600 21.3 1718339516969 10 1 0
ordersell 22600 22.3 1718339516969 10 1 0
cancelsell 22600 22.3 1718339702013 10 5 0
ordersell 22600 16.85 1718339702013 10 5 0
sell 22600 17.85 1718339707008 10 5 -0.9499999999999993
orderbuy 22600 20 1718339772073 10 6 0
buy 22600 20 1718339777282 10 6 0
ordersell 22600 21 1718339777283 10 6 0
sell 22600 23.9 1718339922181 10 8 2.9499999999999993
orderbuy 22150 20.55 1718344809526 11 30 0
buy 22150 20.55 1718344814447 11 30 0
ordersell 22150 21.55 1718344814447 11 30 0
cancelsell 22150 21.55 1718345279620 11 37 0
ordersell 22150 17.45 1718345279620 11 37 0
sell 22150 18.45 1718345284824 11 38 0.8499999999999979
