orderbuy 49200 21 1713757560463 9 16 0
orderbuy 46000 21.1 1713757820513 9 20 0
orderbuy 45900 21.2 1713757860558 9 21 0
orderbuy 45900 20.3 1713758420664 9 30 0
orderbuy 45800 20 1713758530653 9 32 0
orderbuy 45800 20 1713758555671 9 32 0
orderbuy 45800 22.2 1713758855780 9 37 0
orderbuy 45800 21.5 1713759145841 9 42 0
orderbuy 45700 20 1713759280846 9 44 0
orderbuy 45700 20 1713759320929 9 45 0
orderbuy 48900 20 1713759490900 9 48 0
orderbuy 45700 21.05 1713759620916 9 50 0
orderbuy 48900 20.65 1713759710920 9 51 0
orderbuy 45700 20.65 1713759831022 9 53 0
orderbuy 48900 20.15 1713759961092 9 56 0
orderbuy 45800 20 1713760126028 9 58 0
orderbuy 45900 20 1713760401156 10 3 0
orderbuy 45900 20 1713760446107 10 4 0
orderbuy 45800 21.15 1713760531260 10 5 0
orderbuy 48800 21.2 1713760561159 10 6 0
orderbuy 48800 21.2 1713760566135 10 6 0
orderbuy 48800 21.2 1713760571260 10 6 0
orderbuy 48800 21.2 1713760576160 10 6 0
orderbuy 48800 21.2 1713760581160 10 6 0
orderbuy 48800 21.2 1713760601214 10 6 0
orderbuy 48800 21.2 1713760606170 10 6 0
orderbuy 45900 20.55 1713761096347 10 14 0
orderbuy 45900 20.05 1713761281489 10 18 0
orderbuy 45900 20.05 1713761321334 10 18 0
orderbuy 45900 20 1713761451587 10 20 0
orderbuy 45800 20 1713761856455 10 27 0
orderbuy 46100 20.35 1713771498379 13 8 0
