orderbuy 12575 20.15 1720151744456 9 25 0
buy 12575 20.15 1720151749228 9 25 0
ordersell 12575 21.15 1720151749229 9 25 0
sell 12575 23.35 1720151799126 9 26 3.200000000000003
orderbuy 12300 20.75 1720152189550 9 33 0
buy 12300 20.75 1720152194268 9 33 0
ordersell 12300 21.75 1720152194268 9 33 0
cancelsell 12300 21.75 1720152679497 9 41 0
ordersell 12300 17.05 1720152679500 9 41 0
sell 12300 18.05 1720152684546 9 41 0.5000000000000036
orderbuy 12300 20.2 1720153629898 9 57 0
buy 12300 20.2 1720153634894 9 57 0
ordersell 12300 21.2 1720153634895 9 57 0
sell 12300 23.6 1720153644911 9 57 3.9000000000000057
orderbuy 12550 20.1 1720154215262 10 6 0
buy 12550 20.1 1720154220128 10 7 0
ordersell 12550 21.1 1720154220128 10 7 0
sell 12550 21.3 1720154295136 10 8 5.100000000000005
orderbuy 12575 20.95 1720154770403 10 16 0
buy 12575 20.95 1720154775357 10 16 0
ordersell 12575 21.95 1720154775357 10 16 0
cancelsell 12575 21.95 1720154985444 10 19 0
ordersell 12575 17.4 1720154985446 10 19 0
sell 12575 18.4 1720154990462 10 19 2.5500000000000043
orderbuy 12375 20.2 1720157190974 10 56 0
buy 12375 20.2 1720157195938 10 56 0
ordersell 12375 21.2 1720157195938 10 56 0
sell 12375 21.2 1720157976657 11 9 3.5500000000000043
orderbuy 12375 20.15 1720158196477 11 13 0
buy 12375 20.15 1720158201130 11 13 0
ordersell 12375 21.15 1720158201130 11 13 0
sell 12375 21.2 1720158271150 11 14 4.600000000000005
orderbuy 12400 20 1720159831662 11 40 0
buy 12400 20 1720159836648 11 40 0
ordersell 12400 21 1720159836649 11 40 0
cancelsell 12400 21 1720162442410 12 24 0
ordersell 12400 16.95 1720162442420 12 24 0
sell 12400 17.95 1720162447359 12 24 2.5500000000000043
orderbuy 12575 23.25 1720163733071 12 45 0
buy 12575 23.25 1720163738003 12 45 0
ordersell 12575 24.25 1720163738003 12 45 0
sell 12575 24.75 1720163878106 12 47 4.050000000000004
orderbuy 12425 20.05 1720164258302 12 54 0
buy 12425 20.05 1720164263219 12 54 0
ordersell 12425 21.05 1720164263220 12 54 0
cancelsell 12425 21.05 1720166454433 13 30 0
ordersell 12425 17 1720166454436 13 30 0
sell 12425 18 1720166459262 13 30 2.0000000000000036
orderbuy 12425 20.1 1720169895798 14 28 0
buy 12425 20.1 1720169900772 14 28 0
ordersell 12425 21.1 1720169900775 14 28 0
cancelsell 12425 21.1 1720170641048 14 40 0
ordersell 12425 16.55 1720170641051 14 40 0
sell 12425 17.55 1720170646047 14 40 -0.5499999999999972
orderbuy 12425 20 1720171456401 14 54 0
buy 12425 20 1720171461558 14 54 0
ordersell 12425 21 1720171461558 14 54 0
sell 12425 15.7 1720171921538 15 2 -15.249999999999996
