orderbuy 51400 21.8 1719892289990 9 21 0
orderbuy 51300 20.8 1719892400001 9 23 0
orderbuy 51300 20.8 1719892430025 9 23 0
orderbuy 51200 21.3 1719892595109 9 26 0
orderbuy 53900 20.1 1719892740156 9 29 0
orderbuy 51100 22.1 1719892820273 9 30 0
orderbuy 53900 20.1 1719892835170 9 30 0
orderbuy 51000 20.25 1719892920258 9 32 0
orderbuy 51000 20.65 1719892975245 9 32 0
orderbuy 53800 20.4 1719893485730 9 41 0
orderbuy 53800 20.4 1719893525414 9 42 0
orderbuy 51000 20.3 1719893530505 9 42 0
orderbuy 51000 20.3 1719893565397 9 42 0
orderbuy 51000 22.5 1719893635486 9 43 0
orderbuy 50900 22.75 1719893690443 9 44 0
orderbuy 50800 21 1719893715498 9 45 0
orderbuy 50600 21.35 1719893810504 9 46 0
orderbuy 53800 20 1719893825454 9 47 0
orderbuy 50600 20.35 1719893875554 9 47 0
orderbuy 50700 20.1 1719893945484 9 49 0
orderbuy 50700 20.1 1719893985561 9 49 0
orderbuy 53800 20.5 1719894075535 9 51 0
orderbuy 50900 21.4 1719894195692 9 53 0
orderbuy 50800 20.2 1719894305706 9 55 0
orderbuy 50900 21.35 1719894665737 10 1 0
orderbuy 53700 21.05 1719894720735 10 2 0
orderbuy 53700 22.25 1719894785767 10 3 0
orderbuy 51000 21.25 1719894990838 10 6 0
orderbuy 53800 20.4 1719895075830 10 7 0
orderbuy 53800 20.4 1719895105888 10 8 0
orderbuy 51100 22.2 1719895171013 10 9 0
orderbuy 51000 20 1719895350987 10 12 0
orderbuy 51000 20 1719895380900 10 13 0
orderbuy 50900 21.1 1719895486173 10 14 0
orderbuy 50900 20.55 1719895556015 10 15 0
orderbuy 50900 20.4 1719895646152 10 17 0
orderbuy 51000 21.25 1719895971100 10 22 0
orderbuy 53700 20 1719895996315 10 23 0
orderbuy 51000 20.55 1719896171096 10 26 0
orderbuy 51000 20 1719896316427 10 28 0
orderbuy 53700 20.45 1719897086495 10 41 0
orderbuy 53700 20.45 1719897116489 10 41 0
orderbuy 51000 20.5 1719897501513 10 48 0
orderbuy 51000 20.9 1719897527017 10 48 0
orderbuy 51100 20.15 1719898181753 10 59 0
orderbuy 53700 20 1719899217040 11 16 0
orderbuy 53700 20.4 1719899257107 11 17 0
orderbuy 51300 20.05 1719900252372 11 34 0
orderbuy 51300 20.05 1719900372426 11 36 0
orderbuy 51300 20.05 1719900402942 11 36 0
orderbuy 51300 20.8 1719900537647 11 38 0
orderbuy 51200 22.8 1719900602474 11 40 0
orderbuy 51100 23 1719900672493 11 41 0
orderbuy 53500 20.05 1719900752514 11 42 0
orderbuy 51000 23 1719900757507 11 42 0
orderbuy 50900 20.25 1719900807687 11 43 0
orderbuy 50900 20.4 1719901102641 11 48 0
orderbuy 51000 20.1 1719901237686 11 50 0
orderbuy 51000 20.1 1719901242634 11 50 0
orderbuy 51000 20.1 1719901247875 11 50 0
orderbuy 51000 20.1 1719901252817 11 50 0
orderbuy 51000 20.1 1719901257633 11 50 0
orderbuy 51000 20.1 1719901262641 11 51 0
orderbuy 51000 20.1 1719901267633 11 51 0
orderbuy 51000 20.1 1719901272681 11 51 0
orderbuy 51000 21.55 1719901447708 11 54 0
orderbuy 53400 20.5 1719901687878 11 58 0
orderbuy 51100 20.6 1719901938000 12 2 0
orderbuy 51100 20.75 1719902283074 12 8 0
orderbuy 51100 20.75 1719902318061 12 8 0
orderbuy 53400 20.25 1719902393193 12 9 0
orderbuy 53400 20.45 1719902508421 12 11 0
orderbuy 51000 20.55 1719902723156 12 15 0
orderbuy 51000 20 1719902803176 12 16 0
orderbuy 51100 20.8 1719902928203 12 18 0
orderbuy 51100 20.8 1719902933189 12 18 0
orderbuy 51000 20.25 1719903498393 12 28 0
orderbuy 51000 20.15 1719904163606 12 39 0
orderbuy 50900 20.15 1719904323819 12 42 0
orderbuy 50900 20.15 1719904373786 12 42 0
orderbuy 50900 24 1719904668833 12 47 0
orderbuy 50900 21 1719904814252 12 50 0
orderbuy 50900 20.05 1719905334130 12 58 0
orderbuy 50800 20.05 1719905439121 13 0 0
orderbuy 50900 20.2 1719905574144 13 2 0
orderbuy 50900 20.2 1719905579101 13 2 0
orderbuy 50900 20.2 1719905584120 13 3 0
orderbuy 50900 20.2 1719905589137 13 3 0
orderbuy 50900 20.2 1719905594133 13 3 0
orderbuy 50900 20.2 1719905599150 13 3 0
orderbuy 50900 20.2 1719905604129 13 3 0
orderbuy 50900 20.2 1719905609141 13 3 0
orderbuy 50900 20.2 1719905614140 13 3 0
orderbuy 50900 20.2 1719905619157 13 3 0
orderbuy 50900 20.2 1719905624137 13 3 0
orderbuy 50900 20.2 1719905629271 13 3 0
orderbuy 50900 20.2 1719905634159 13 3 0
orderbuy 50900 20.2 1719905639149 13 3 0
orderbuy 53200 20.4 1719905644162 13 4 0
orderbuy 53200 20.85 1719905789223 13 6 0
orderbuy 53300 20.3 1719906269377 13 14 0
orderbuy 51100 20.65 1719906319374 13 15 0
orderbuy 51100 20.85 1719906349400 13 15 0
orderbuy 53300 20.1 1719906839486 13 23 0
orderbuy 51200 21.35 1719907164974 13 29 0
orderbuy 53300 20.05 1719907734815 13 38 0
orderbuy 51200 21.55 1719907749870 13 39 0
orderbuy 53300 20.05 1719907759919 13 39 0
orderbuy 51200 20 1719907774780 13 39 0
orderbuy 51200 20 1719907819906 13 40 0
orderbuy 51200 20.55 1719908780418 13 56 0
orderbuy 53300 20.2 1719908805185 13 56 0
orderbuy 53300 21.5 1719909045196 14 0 0
orderbuy 51200 20 1719909250283 14 4 0
orderbuy 51200 20 1719909305275 14 5 0
orderbuy 51200 21.1 1719909420316 14 7 0
orderbuy 51200 20 1719910195543 14 19 0
