orderbuy 23950 22.8 1720410300979 9 15 0
buy 23950 20.8 1720410305837 9 15 0
ordersell 23950 21.8 1720410305838 9 15 0
cancelsell 23950 21.8 1720417047373 11 7 0
ordersell 23950 7.199999999999999 1720417047377 11 7 0
sell 23950 8.2 1720417052343 11 7 -12.600000000000001
orderbuy 23350 24.5 1720417307422 11 11 0
buy 23350 24.5 1720417312466 11 11 0
ordersell 23350 25.5 1720417312466 11 11 0
cancelsell 23350 25.5 1720417486357 11 14 0
ordersell 23350 19.75 1720417486360 11 14 0
sell 23350 20.75 1720417490421 11 14 -16.35
orderbuy 23800 20 1720418270633 11 27 0
buy 23800 20 1720418275596 11 27 0
ordersell 23800 21 1720418275596 11 27 0
cancelsell 23800 21 1720419226552 11 43 0
ordersell 23800 15.95 1720419226556 11 43 0
sell 23800 16.95 1720419231099 11 43 -19.400000000000002
orderbuy 23250 20.4 1720421152035 12 15 0
buy 23250 20.4 1720421156892 12 15 0
ordersell 23250 21.4 1720421156892 12 15 0
cancelsell 23250 21.4 1720421232117 12 17 0
ordersell 23250 16.4 1720421232119 12 17 0
sell 23250 17.4 1720421236962 12 17 -22.4
orderbuy 23750 20.3 1720422342236 12 35 0
buy 23750 20.3 1720422347158 12 35 0
ordersell 23750 21.3 1720422347159 12 35 0
sell 23750 21.7 1720423127364 12 48 -21.000000000000004
orderbuy 23350 20.7 1720423632637 12 57 0
buy 23350 20.7 1720423637749 12 57 0
ordersell 23350 21.7 1720423637750 12 57 0
sell 23350 22 1720424062584 13 4 -19.700000000000003
orderbuy 23350 20.8 1720425592847 13 29 0
buy 23350 20.8 1720425597803 13 29 0
ordersell 23350 21.8 1720425597803 13 29 0
sell 23350 22.05 1720425870922 13 34 -18.45
orderbuy 23850 21.75 1720427191232 13 56 0
buy 23850 21.75 1720427196215 13 56 0
ordersell 23850 22.75 1720427196216 13 56 0
cancelsell 23850 22.75 1720427631321 14 3 0
ordersell 23850 16.9 1720427631324 14 3 0
sell 23850 17.9 1720427636324 14 3 -22.300000000000004
orderbuy 23400 23.45 1720430181827 14 46 0
buy 23400 23.45 1720430186783 14 46 0
ordersell 23400 24.45 1720430186783 14 46 0
cancelsell 23400 24.45 1720430206790 14 46 0
ordersell 23400 20.35 1720430206791 14 46 0
sell 23400 21.35 1720430211838 14 46 -24.4
orderbuy 23800 20.2 1720431112188 15 1 0
buy 23800 20.2 1720431117148 15 1 0
ordersell 23800 21.2 1720431117148 15 1 0
sell 23800 20.2 1720431122164 15 2 -43.599999999999994
