orderbuy 22900 20.15 1718337269461 9 24 0
buy 22900 20.15 1718337274419 9 24 0
ordersell 22900 21.15 1718337274419 9 24 0
sell 22900 23.2 1718337334451 9 25 3.0500000000000007
orderbuy 22900 20.5 1718338209735 9 40 0
buy 22900 20.5 1718338214744 9 40 0
ordersell 22900 21.5 1718338214744 9 40 0
cancelsell 22900 21.5 1718338664898 9 47 0
ordersell 22900 17.4 1718338664899 9 47 0
sell 22900 18.4 1718338669890 9 47 0.9499999999999993
orderbuy 23750 21.15 1718339520199 10 2 0
buy 23750 21.15 1718339525197 10 2 0
ordersell 23750 22.15 1718339525198 10 2 0
sell 23750 22.8 1718339560248 10 2 2.6000000000000014
orderbuy 23800 21.05 1718340065401 10 11 0
buy 23800 21.05 1718340070369 10 11 0
ordersell 23800 22.05 1718340070370 10 11 0
cancelsell 23800 22.05 1718340480514 10 18 0
ordersell 23800 16.95 1718340480515 10 18 0
sell 23800 17.95 1718340485520 10 18 -0.5
orderbuy 23800 20.1 1718340805667 10 23 0
buy 23800 20.1 1718340810657 10 23 0
ordersell 23800 21.1 1718340810658 10 23 0
cancelsell 23800 21.1 1718341201146 10 30 0
ordersell 23800 16.95 1718341201147 10 30 0
sell 23800 17.95 1718341206140 10 30 -2.650000000000002
orderbuy 23000 20 1718342621764 10 53 0
buy 23000 20 1718342626807 10 53 0
ordersell 23000 21 1718342626807 10 53 0
cancelsell 23000 21 1718346363265 11 56 0
ordersell 23000 16.85 1718346363266 11 56 0
sell 23000 17.85 1718346368287 11 56 -4.800000000000001
orderbuy 23750 20.55 1718349839978 12 53 0
buy 23750 20.55 1718349844952 12 54 0
ordersell 23750 21.55 1718349844953 12 54 0
sell 23750 21.6 1718351085392 13 14 -3.75
orderbuy 23000 20.35 1718353546465 13 55 0
buy 23000 20.35 1718353551371 13 55 0
ordersell 23000 21.35 1718353551371 13 55 0
cancelsell 23000 21.35 1718354126700 14 5 0
ordersell 23000 17.3 1718354126701 14 5 0
sell 23000 18.3 1718354131628 14 5 -5.800000000000001
orderbuy 23750 21.2 1718355997396 14 36 0
buy 23750 21.2 1718356002359 14 36 0
ordersell 23750 22.2 1718356002359 14 36 0
cancelsell 23750 22.2 1718356232415 14 40 0
ordersell 23750 18.05 1718356232416 14 40 0
sell 23750 19.05 1718356237464 14 40 -7.949999999999999
