orderbuy 12025 20.15 1719546543099 9 19 0
buy 12025 20.15 1719546548515 9 19 0
ordersell 12025 21.15 1719546548515 9 19 0
sell 12025 21.3 1719546687754 9 21 -49.04999999999997
orderbuy 12000 20.65 1719546762645 9 22 0
buy 12000 20.65 1719546767789 9 22 0
ordersell 12000 21.65 1719546767789 9 22 0
cancelsell 12000 21.65 1719546847718 9 24 0
ordersell 12000 17.15 1719546847724 9 24 0
sell 12000 18.15 1719546852691 9 24 -51.54999999999996
orderbuy 12025 20.85 1719546987905 9 26 0
buy 12025 20.85 1719546993142 9 26 0
ordersell 12025 21.85 1719546993142 9 26 0
sell 12025 21.95 1719547212939 9 30 -50.44999999999996
orderbuy 12025 22.2 1719547332988 9 32 0
buy 12025 22.2 1719547337820 9 32 0
ordersell 12025 23.2 1719547337820 9 32 0
sell 12025 23.6 1719547372882 9 32 -49.04999999999996
orderbuy 12000 20.5 1719547378061 9 32 0
buy 12000 20.5 1719547382919 9 33 0
ordersell 12000 21.5 1719547382919 9 33 0
cancelsell 12000 21.5 1719547513121 9 35 0
ordersell 12000 17.45 1719547513121 9 35 0
sell 12000 18.45 1719547517940 9 35 -51.09999999999995
orderbuy 12050 20.15 1719547928223 9 42 0
buy 12050 20.15 1719547933286 9 42 0
ordersell 12050 21.15 1719547933287 9 42 0
sell 12050 21.5 1719548113162 9 45 -49.74999999999994
orderbuy 12050 20.05 1719549073433 10 1 0
buy 12050 20.05 1719549078508 10 1 0
ordersell 12050 21.05 1719549078508 10 1 0
sell 12050 21.6 1719549118419 10 1 -48.19999999999994
orderbuy 12025 20.45 1719549423502 10 7 0
buy 12025 20.45 1719549429650 10 7 0
ordersell 12025 21.45 1719549429650 10 7 0
cancelsell 12025 21.45 1719549748727 10 12 0
ordersell 12025 17.1 1719549748729 10 12 0
sell 12025 18.1 1719549753731 10 12 -50.54999999999993
orderbuy 12050 20.05 1719549883747 10 14 0
buy 12050 20.05 1719549888753 10 14 0
ordersell 12050 21.05 1719549888756 10 14 0
sell 12050 21.15 1719549970000 10 16 -49.44999999999994
orderbuy 12050 20.2 1719550008937 10 16 0
buy 12050 20.2 1719550014056 10 16 0
ordersell 12050 21.2 1719550014057 10 16 0
sell 12050 21.6 1719550163895 10 19 -48.04999999999993
orderbuy 12025 20.3 1719550263923 10 21 0
buy 12025 20.3 1719550269016 10 21 0
ordersell 12025 21.3 1719550269016 10 21 0
sell 12025 21.55 1719550278929 10 21 -46.79999999999994
orderbuy 12025 20 1719550539454 10 25 0
buy 12025 20 1719550544050 10 25 0
ordersell 12025 21 1719550544050 10 25 0
cancelsell 12025 21 1719550979084 10 32 0
ordersell 12025 16.6 1719550979086 10 32 0
sell 12025 17.6 1719550984518 10 33 -49.19999999999994
orderbuy 12050 21.25 1719551104258 10 35 0
buy 12050 21.25 1719551109116 10 35 0
ordersell 12050 22.25 1719551109116 10 35 0
cancelsell 12050 22.25 1719551464322 10 41 0
ordersell 12050 17.75 1719551464325 10 41 0
sell 12050 18.75 1719551469390 10 41 -51.69999999999993
orderbuy 12075 20.1 1719552589724 10 59 0
buy 12075 20.1 1719552594702 10 59 0
ordersell 12075 21.1 1719552594703 10 59 0
cancelsell 12075 21.1 1719552735090 11 2 0
ordersell 12075 16.4 1719552735090 11 2 0
sell 12075 17.4 1719552739993 11 2 -54.39999999999993
orderbuy 12075 20 1719553735476 11 18 0
buy 12075 20 1719553740446 11 19 0
ordersell 12075 21 1719553740447 11 19 0
sell 12075 22 1719553811146 11 20 -52.39999999999992
orderbuy 12075 20 1719554205624 11 26 0
buy 12075 20 1719554211144 11 26 0
ordersell 12075 21 1719554211144 11 26 0
sell 12075 21.3 1719554415828 11 30 -51.09999999999992
orderbuy 12100 20.45 1719555846324 11 54 0
buy 12100 20.45 1719555851336 11 54 0
ordersell 12100 21.45 1719555851336 11 54 0
sell 12100 21.8 1719556301350 12 1 -49.74999999999993
orderbuy 12100 20 1719556656460 12 7 0
buy 12100 20 1719556661407 12 7 0
ordersell 12100 21 1719556661409 12 7 0
sell 12100 22 1719556972168 12 12 -47.74999999999993
orderbuy 12050 20.25 1719557326646 12 18 0
buy 12050 20.25 1719557331790 12 18 0
ordersell 12050 21.25 1719557331790 12 18 0
cancelsell 12050 21.25 1719557426937 12 20 0
ordersell 12050 16.5 1719557426937 12 20 0
sell 12050 17.5 1719557431654 12 20 -50.49999999999993
orderbuy 12050 20.15 1719557552286 12 22 0
buy 12050 20.15 1719557557112 12 22 0
ordersell 12050 21.15 1719557557113 12 22 0
cancelsell 12050 21.15 1719557937178 12 28 0
ordersell 12050 16 1719557937181 12 28 0
sell 12050 17 1719557941890 12 29 -53.64999999999992
orderbuy 12075 20.45 1719558052108 12 30 0
buy 12075 20.45 1719558056863 12 30 0
ordersell 12075 21.45 1719558056863 12 30 0
sell 12075 22.5 1719558357087 12 35 -51.59999999999992
orderbuy 12075 20.65 1719560062899 13 4 0
buy 12075 20.65 1719560067859 13 4 0
ordersell 12075 21.65 1719560067859 13 4 0
cancelsell 12075 21.65 1719560187849 13 6 0
ordersell 12075 16.75 1719560187851 13 6 0
sell 12075 17.75 1719560193180 13 6 -54.499999999999915
orderbuy 12125 20.8 1719561528541 13 28 0
buy 12125 20.8 1719561533431 13 28 0
ordersell 12125 21.8 1719561533432 13 28 0
cancelsell 12125 21.8 1719561738468 13 32 0
ordersell 12125 17.35 1719561738470 13 32 0
sell 12125 18.35 1719561743329 13 32 -56.94999999999991
orderbuy 12125 20.3 1719561898519 13 34 0
buy 12125 20.3 1719561903337 13 35 0
ordersell 12125 21.3 1719561903337 13 35 0
cancelsell 12125 21.3 1719562408542 13 43 0
ordersell 12125 16.75 1719562408545 13 43 0
sell 12125 17.75 1719562413539 13 43 -59.499999999999915
orderbuy 12150 20.25 1719562728787 13 48 0
buy 12150 20.25 1719562733738 13 48 0
ordersell 12150 21.25 1719562733738 13 48 0
sell 12150 21.55 1719562858782 13 50 -58.19999999999992
orderbuy 12150 20.8 1719565414781 14 33 0
buy 12150 20.8 1719565420076 14 33 0
ordersell 12150 21.8 1719565420077 14 33 0
cancelsell 12150 21.8 1719565454679 14 34 0
ordersell 12150 17.55 1719565454679 14 34 0
sell 12150 18.55 1719565459598 14 34 -60.44999999999992
orderbuy 12150 20.8 1719565469971 14 34 0
buy 12150 20.8 1719565474628 14 34 0
ordersell 12150 21.8 1719565474628 14 34 0
sell 12150 22.3 1719565510129 14 35 -58.94999999999992
orderbuy 12150 21.2 1719566215021 14 46 0
buy 12150 21.2 1719566219915 14 46 0
ordersell 12150 22.2 1719566219915 14 46 0
cancelsell 12150 22.2 1719566515100 14 51 0
ordersell 12150 16.6 1719566515103 14 51 0
sell 12150 17.6 1719566519956 14 51 -62.54999999999992
