orderbuy 22050 21 1714451139643 9 55 0
buy 22050 21 1714451144032 9 55 0
ordersell 22050 22 1714451144032 9 55 0
sell 22050 22.05 1714451204097 9 56 1.0500000000000007
orderbuy 21750 20.9 1714451964237 10 9 0
buy 21750 20.9 1714451969168 10 9 0
ordersell 21750 21.9 1714451969168 10 9 0
cancelsell 21750 21.9 1714451989208 10 9 0
ordersell 21750 17.3 1714451989209 10 9 0
sell 21750 18.3 1714451994159 10 9 -1.5499999999999972
orderbuy 22050 20.25 1714454184937 10 46 0
buy 22050 20.25 1714454189941 10 46 0
ordersell 22050 21.25 1714454189941 10 46 0
sell 22050 26.45 1714454309983 10 48 4.650000000000002
orderbuy 21800 22 1714455485325 11 8 0
buy 21800 22 1714455490240 11 8 0
ordersell 21800 23 1714455490240 11 8 0
cancelsell 21800 23 1714455735349 11 12 0
ordersell 21800 11.65 1714455735351 11 12 0
sell 21800 12.65 1714455740282 11 12 -4.6999999999999975
orderbuy 21850 20 1714461111549 12 41 0
buy 21850 20 1714461116518 12 41 0
ordersell 21850 21 1714461116518 12 41 0
cancelsell 21850 21 1714461216659 12 43 0
ordersell 21850 16.35 1714461216662 12 43 0
sell 21850 17.35 1714461221538 12 43 -7.349999999999994
orderbuy 21850 22.5 1714462847068 13 10 0
buy 21850 22.5 1714462851958 13 10 0
ordersell 21850 23.5 1714462851958 13 10 0
cancelsell 21850 23.5 1714463077016 13 14 0
ordersell 21850 18.25 1714463077016 13 14 0
sell 21850 19.25 1714463082014 13 14 -10.599999999999994
orderbuy 22100 21.2 1714466283182 14 8 0
buy 22100 21.2 1714466288436 14 8 0
ordersell 22100 22.2 1714466288437 14 8 0
cancelsell 22100 22.2 1714466463264 14 11 0
ordersell 22100 17.35 1714466463266 14 11 0
sell 22100 18.35 1714466468207 14 11 -13.449999999999992
