orderbuy 11650 21.35 1717991461360 9 21 0
buy 11650 21.35 1717991466351 9 21 0
ordersell 11650 22.35 1717991466352 9 21 0
sell 11650 35.75 1717991541366 9 22 14.399999999999999
orderbuy 11575 21.65 1717991546354 9 22 0
buy 11575 21.65 1717991551400 9 22 0
ordersell 11575 22.65 1717991551401 9 22 0
cancelsell 11575 22.65 1717991621420 9 23 0
ordersell 11575 14.25 1717991621420 9 23 0
sell 11575 15.25 1717991626399 9 23 8
orderbuy 11700 20 1717992051533 9 30 0
buy 11700 20 1717992056442 9 30 0
ordersell 11700 21 1717992056443 9 30 0
sell 11700 22.2 1717992076483 9 31 10.2
orderbuy 11675 22.45 1717992156532 9 32 0
buy 11675 22.45 1717992161481 9 32 0
ordersell 11675 23.45 1717992161482 9 32 0
sell 11675 55.5 1717992316528 9 35 43.25
orderbuy 11575 20.35 1717992321527 9 35 0
buy 11575 20.35 1717992326528 9 35 0
ordersell 11575 21.35 1717992326528 9 35 0
sell 11575 39.6 1717992361526 9 36 62.5
orderbuy 11500 22.6 1717992366528 9 36 0
buy 11500 22.6 1717992371547 9 36 0
ordersell 11500 23.6 1717992371547 9 36 0
sell 11500 26.8 1717992391526 9 36 66.7
orderbuy 11475 20.55 1717992396538 9 36 0
buy 11475 20.55 1717992401535 9 36 0
ordersell 11475 21.55 1717992401536 9 36 0
cancelsell 11475 21.55 1717992416532 9 36 0
ordersell 11475 15.100000000000001 1717992416532 9 36 0
sell 11475 16.1 1717992421575 9 37 62.25000000000001
orderbuy 11475 20.55 1717992446574 9 37 0
buy 11475 20.55 1717992451529 9 37 0
ordersell 11475 21.55 1717992451529 9 37 0
cancelsell 11475 21.55 1717992456588 9 37 0
ordersell 11475 16.35 1717992456588 9 37 0
sell 11475 17.35 1717992461529 9 37 59.050000000000004
orderbuy 11825 22.25 1717992541672 9 39 0
buy 11825 22.25 1717992546572 9 39 0
ordersell 11825 23.25 1717992546572 9 39 0
cancelsell 11825 23.25 1717992551581 9 39 0
ordersell 11825 17.1 1717992551581 9 39 0
sell 11825 18.1 1717992556571 9 39 54.900000000000006
orderbuy 11850 21.2 1717992591574 9 39 0
buy 11850 21.2 1717992596570 9 39 0
ordersell 11850 22.2 1717992596571 9 39 0
sell 11850 22.7 1717992671618 9 41 56.400000000000006
orderbuy 11875 23.15 1717992736617 9 42 0
buy 11875 23.15 1717992741569 9 42 0
ordersell 11875 24.15 1717992741569 9 42 0
cancelsell 11875 24.15 1717992906811 9 45 0
ordersell 11875 17.6 1717992906812 9 45 0
sell 11875 18.6 1717992911623 9 45 51.85000000000001
orderbuy 11875 21.6 1717992921625 9 45 0
buy 11875 21.6 1717992926611 9 45 0
ordersell 11875 22.6 1717992926611 9 45 0
cancelsell 11875 22.6 1717992946666 9 45 0
ordersell 11875 17.6 1717992946666 9 45 0
sell 11875 18.6 1717992951618 9 45 48.85000000000001
orderbuy 11600 21.35 1717992961624 9 46 0
buy 11600 21.35 1717992966616 9 46 0
ordersell 11600 22.35 1717992966617 9 46 0
sell 11600 24.4 1717993046624 9 47 51.900000000000006
orderbuy 11575 23.85 1717993176668 9 49 0
buy 11575 23.85 1717993181654 9 49 0
ordersell 11575 24.85 1717993181655 9 49 0
cancelsell 11575 24.85 1717993206671 9 50 0
ordersell 11575 15.45 1717993206671 9 50 0
sell 11575 16.45 1717993211665 9 50 44.5
orderbuy 11525 20.8 1717993256662 9 50 0
buy 11525 20.8 1717993261662 9 51 0
ordersell 11525 21.8 1717993261662 9 51 0
cancelsell 11525 21.8 1717993321700 9 52 0
ordersell 11525 17.75 1717993321700 9 52 0
sell 11525 18.75 1717993326699 9 52 42.45
orderbuy 11525 22.5 1717993442048 9 54 0
buy 11525 22.5 1717993446865 9 54 0
ordersell 11525 23.5 1717993446865 9 54 0
cancelsell 11525 23.5 1717993511713 9 55 0
ordersell 11525 16.3 1717993511713 9 55 0
sell 11525 17.3 1717993516745 9 55 37.25
orderbuy 11825 20.9 1717993566792 9 56 0
buy 11825 20.9 1717993571704 9 56 0
ordersell 11825 21.9 1717993571704 9 56 0
cancelsell 11825 21.9 1717993651713 9 57 0
ordersell 11825 17.15 1717993651714 9 57 0
sell 11825 18.15 1717993656740 9 57 34.5
orderbuy 11525 20.85 1717993731738 9 58 0
buy 11525 20.85 1717993736792 9 58 0
ordersell 11525 21.85 1717993736792 9 58 0
sell 11525 23.3 1717993836797 10 0 36.95
orderbuy 11500 22.95 1717993901789 10 1 0
buy 11500 22.95 1717993906784 10 1 0
ordersell 11500 23.95 1717993906784 10 1 0
sell 11500 26.15 1717993946806 10 2 40.150000000000006
orderbuy 11475 21 1717993951783 10 2 0
buy 11475 21 1717993956782 10 2 0
ordersell 11475 22 1717993956783 10 2 0
cancelsell 11475 22 1717993971782 10 2 0
ordersell 11475 15.95 1717993971782 10 2 0
sell 11475 16.95 1717993976782 10 2 36.10000000000001
orderbuy 11475 21 1717994001803 10 3 0
buy 11475 21 1717994006781 10 3 0
ordersell 11475 22 1717994006782 10 3 0
cancelsell 11475 22 1717994011831 10 3 0
ordersell 11475 17.85 1717994011832 10 3 0
sell 11475 18.85 1717994016781 10 3 33.95000000000001
orderbuy 11775 21.75 1717994071829 10 4 0
buy 11775 21.75 1717994076784 10 4 0
ordersell 11775 22.75 1717994076784 10 4 0
cancelsell 11775 22.75 1717994242239 10 7 0
ordersell 11775 18.3 1717994242239 10 7 0
sell 11775 19.3 1717994246826 10 7 31.50000000000001
orderbuy 11775 23.25 1717994306883 10 8 0
buy 11775 23.25 1717994311824 10 8 0
ordersell 11775 24.25 1717994311825 10 8 0
cancelsell 11775 24.25 1717994366973 10 9 0
ordersell 11775 18.7 1717994366973 10 9 0
sell 11775 19.7 1717994371980 10 9 27.95000000000001
orderbuy 11800 20.9 1717994536912 10 12 0
buy 11800 20.9 1717994541911 10 12 0
ordersell 11800 21.9 1717994541912 10 12 0
cancelsell 11800 21.9 1717994591922 10 13 0
ordersell 11800 17.7 1717994591922 10 13 0
sell 11800 18.7 1717994596911 10 13 25.75000000000001
orderbuy 11800 20.6 1717994672110 10 14 0
buy 11800 20.6 1717994676960 10 14 0
ordersell 11800 21.6 1717994676961 10 14 0
cancelsell 11800 21.6 1717994727010 10 15 0
ordersell 11800 16.5 1717994727010 10 15 0
sell 11800 17.5 1717994731923 10 15 22.65000000000001
orderbuy 11525 21.35 1717994796958 10 16 0
buy 11525 21.35 1717994801959 10 16 0
ordersell 11525 22.35 1717994801959 10 16 0
cancelsell 11525 22.35 1717994807008 10 16 0
ordersell 11525 16.8 1717994807008 10 16 0
sell 11525 17.8 1717994811975 10 16 19.10000000000001
orderbuy 11525 21 1717994822008 10 17 0
buy 11525 21 1717994826969 10 17 0
ordersell 11525 22 1717994826969 10 17 0
cancelsell 11525 22 1717995102025 10 21 0
ordersell 11525 13.5 1717995102026 10 21 0
sell 11525 14.5 1717995107052 10 21 12.600000000000009
orderbuy 11550 24.1 1717995132065 10 22 0
buy 11550 24.1 1717995137059 10 22 0
ordersell 11550 25.1 1717995137059 10 22 0
cancelsell 11550 25.1 1717995147023 10 22 0
ordersell 11550 17.4 1717995147024 10 22 0
sell 11550 18.4 1717995152052 10 22 6.900000000000006
orderbuy 11550 20.1 1717995162055 10 22 0
buy 11550 20.1 1717995167051 10 22 0
ordersell 11550 21.1 1717995167052 10 22 0
sell 11550 23.45 1717995292199 10 24 10.250000000000004
orderbuy 11750 21.15 1717995297055 10 24 0
buy 11750 21.15 1717995302199 10 25 0
ordersell 11750 22.15 1717995302200 10 25 0
cancelsell 11750 22.15 1717995742214 10 32 0
ordersell 11750 16.8 1717995742214 10 32 0
sell 11750 17.8 1717995747224 10 32 6.900000000000006
orderbuy 11550 20.1 1717995862264 10 34 0
buy 11550 18.85 1717995867230 10 34 0
ordersell 11550 19.85 1717995867230 10 34 0
sell 11550 20.4 1717996122279 10 38 8.450000000000003
orderbuy 11525 20.5 1717996162284 10 39 0
buy 11525 20.5 1717996167279 10 39 0
ordersell 11525 21.5 1717996167279 10 39 0
cancelsell 11525 21.5 1717996172314 10 39 0
ordersell 11525 14.65 1717996172314 10 39 0
sell 11525 15.65 1717996177314 10 39 3.600000000000003
orderbuy 11525 20.5 1717996187414 10 39 0
buy 11525 20.5 1717996192314 10 39 0
ordersell 11525 21.5 1717996192314 10 39 0
sell 11525 26.45 1717996262409 10 41 9.55
orderbuy 11500 20.7 1717996267392 10 41 0
buy 11500 20.7 1717996272409 10 41 0
ordersell 11500 21.7 1717996272410 10 41 0
cancelsell 11500 21.7 1717996287543 10 41 0
ordersell 11500 16.95 1717996287544 10 41 0
sell 11500 17.95 1717996292394 10 41 6.800000000000001
orderbuy 11500 21.1 1717996452445 10 44 0
buy 11500 21.1 1717996457495 10 44 0
ordersell 11500 22.1 1717996457495 10 44 0
cancelsell 11500 22.1 1717996502448 10 45 0
ordersell 11500 17.65 1717996502448 10 45 0
sell 11500 18.65 1717996507447 10 45 4.349999999999998
orderbuy 11500 20 1717996677555 10 47 0
buy 11500 20 1717996682455 10 48 0
ordersell 11500 21 1717996682455 10 48 0
sell 11500 22 1717996692469 10 48 6.349999999999998
orderbuy 11700 20.15 1717996732518 10 48 0
buy 11700 20.15 1717996737500 10 48 0
ordersell 11700 21.15 1717996737501 10 48 0
