orderbuy 24000 23.35 1720755948797 9 15 0
buy 24000 21.35 1720755953816 9 15 0
ordersell 24000 22.35 1720755953819 9 15 0
cancelsell 24000 22.35 1720756018887 9 16 0
ordersell 24000 16.3 1720756018890 9 16 0
sell 24000 17.3 1720756023799 9 17 -4.050000000000001
orderbuy 24000 20 1720756526009 9 25 0
buy 24000 20 1720756530927 9 25 0
ordersell 24000 21 1720756530927 9 25 0
sell 24000 21.55 1720756616105 9 26 -2.5
orderbuy 24050 21.3 1720756776037 9 29 0
buy 24050 21.3 1720756780991 9 29 0
ordersell 24050 22.3 1720756780992 9 29 0
cancelsell 24050 22.3 1720756861086 9 31 0
ordersell 24050 17.8 1720756861086 9 31 0
sell 24050 18.8 1720756866046 9 31 -5
orderbuy 23300 20.95 1720757326413 9 38 0
buy 23300 20.95 1720757331371 9 38 0
ordersell 23300 21.95 1720757331371 9 38 0
sell 23300 22.15 1720758066667 9 51 -3.8000000000000007
orderbuy 23250 21.5 1720758146679 9 52 0
buy 23250 21.5 1720758151640 9 52 0
ordersell 23250 22.5 1720758151640 9 52 0
sell 23250 23.45 1720758161671 9 52 -1.8500000000000014
orderbuy 23200 20.45 1720758371799 9 56 0
buy 23200 20.45 1720758376730 9 56 0
ordersell 23200 21.45 1720758376730 9 56 0
cancelsell 23200 21.45 1720758696863 10 1 0
ordersell 23200 16.55 1720758696863 10 1 0
sell 23200 17.55 1720758701932 10 1 -4.75
orderbuy 23200 20.55 1720759537211 10 15 0
buy 23200 20.55 1720759542212 10 15 0
ordersell 23200 21.55 1720759542213 10 15 0
cancelsell 23200 21.55 1720759767325 10 19 0
ordersell 23200 16.25 1720759767325 10 19 0
sell 23200 17.25 1720759772258 10 19 -8.05
orderbuy 23250 20.35 1720760552553 10 32 0
buy 23250 20.35 1720760557514 10 32 0
ordersell 23250 21.35 1720760557514 10 32 0
sell 23250 23.3 1720761217973 10 43 -5.100000000000001
orderbuy 23950 20 1720761408036 10 46 0
buy 23950 20 1720761413006 10 46 0
ordersell 23950 21 1720761413007 10 46 0
sell 23950 25.35 1720761868186 10 54 0.25
orderbuy 23250 21 1720761873194 10 54 0
buy 23250 13.3 1720761958254 10 55 0
ordersell 23250 14.3 1720761958254 10 55 0
sell 23250 14.45 1720762653528 11 7 1.3999999999999986
orderbuy 24100 20.9 1720763463861 11 21 0
buy 24100 20.9 1720763468865 11 21 0
ordersell 24100 21.9 1720763468865 11 21 0
cancelsell 24100 21.9 1720763473926 11 21 0
ordersell 24100 17.75 1720763473927 11 21 0
sell 24100 18.75 1720763478864 11 21 -0.75
orderbuy 24100 20.9 1720763489139 11 21 0
buy 24100 20.9 1720763493934 11 21 0
ordersell 24100 21.9 1720763493934 11 21 0
cancelsell 24100 21.9 1720763528938 11 22 0
ordersell 24100 17.55 1720763528938 11 22 0
sell 24100 18.55 1720763533878 11 22 -3.099999999999998
orderbuy 24100 20.3 1720763543908 11 22 0
buy 24100 20.3 1720763548912 11 22 0
ordersell 24100 21.3 1720763548913 11 22 0
cancelsell 24100 21.3 1720763563909 11 22 0
ordersell 24100 17.05 1720763563909 11 22 0
sell 24100 18.05 1720763568959 11 22 -5.349999999999998
orderbuy 23350 20.7 1720766830228 12 17 0
buy 23350 20.3 1720766835177 12 17 0
ordersell 23350 21.3 1720766835178 12 17 0
sell 23350 21.4 1720767255401 12 24 -4.25
orderbuy 24050 20 1720767790565 12 33 0
buy 24050 20 1720767795544 12 33 0
ordersell 24050 21 1720767795544 12 33 0
sell 24050 21.3 1720769206223 12 56 -2.9499999999999993
orderbuy 23350 20.4 1720769891386 13 8 0
buy 23350 20.4 1720769896384 13 8 0
ordersell 23350 21.4 1720769896384 13 8 0
cancelsell 23350 21.4 1720770701702 13 21 0
ordersell 23350 17 1720770701705 13 21 0
sell 23350 18 1720770706768 13 21 -5.349999999999998
orderbuy 23350 20.1 1720771637058 13 37 0
buy 23350 20.1 1720771642036 13 37 0
ordersell 23350 21.1 1720771642036 13 37 0
cancelsell 23350 21.1 1720773973045 14 16 0
ordersell 23350 17 1720773973047 14 16 0
sell 23350 18 1720773977958 14 16 -7.449999999999999
orderbuy 23350 20.3 1720774583224 14 26 0
buy 23350 20.3 1720774588178 14 26 0
ordersell 23350 21.3 1720774588178 14 26 0
sell 23350 23.15 1720775568904 14 42 -4.600000000000001
orderbuy 23300 21.85 1720776643859 15 0 0
buy 23300 21.85 1720776648824 15 0 0
ordersell 23300 22.85 1720776648824 15 0 0
sell 23300 21.6 1720776723838 15 2 -25.200000000000003
