orderbuy 53900 20 1718855194301 9 16 0
orderbuy 53900 20 1718855234275 9 17 0
orderbuy 54000 20.05 1718855264231 9 17 0
orderbuy 48700 21 1718855269264 9 17 0
orderbuy 54100 21.85 1718855294427 9 18 0
orderbuy 48700 21 1718855309257 9 18 0
orderbuy 54100 21.85 1718855324269 9 18 0
orderbuy 54200 20.15 1718855364320 9 19 0
orderbuy 54200 20.15 1718855394247 9 19 0
orderbuy 54200 20.15 1718855454995 9 20 0
orderbuy 48700 20.2 1718855499328 9 21 0
orderbuy 54000 21.05 1718855549926 9 22 0
orderbuy 54000 21.05 1718855569370 9 22 0
orderbuy 53900 20.7 1718855771963 9 26 0
orderbuy 53900 21.5 1718855799397 9 26 0
orderbuy 48700 21.6 1718855829637 9 27 0
orderbuy 53900 21.5 1718855839457 9 27 0
orderbuy 54000 22.25 1718855879443 9 27 0
orderbuy 54100 20.85 1718855929398 9 28 0
orderbuy 54100 20.85 1718855964421 9 29 0
orderbuy 48800 20.95 1718856019411 9 30 0
orderbuy 53900 21.4 1718856064530 9 31 0
orderbuy 53900 21.1 1718856069444 9 31 0
orderbuy 53900 21.4 1718856074602 9 31 0
orderbuy 53900 21.4 1718856079426 9 31 0
orderbuy 53900 21.4 1718856084421 9 31 0
orderbuy 53900 21.4 1718856089432 9 31 0
orderbuy 53900 21.4 1718856094440 9 31 0
orderbuy 53900 21.4 1718856100054 9 31 0
orderbuy 53900 21.4 1718856104477 9 31 0
orderbuy 53900 21.4 1718856109560 9 31 0
orderbuy 53900 21.4 1718856114529 9 31 0
orderbuy 53900 21.4 1718856119496 9 31 0
orderbuy 53900 21.4 1718856124435 9 32 0
orderbuy 53900 21.4 1718856129501 9 32 0
orderbuy 53900 21.4 1718856134476 9 32 0
orderbuy 48700 20.75 1718856164638 9 32 0
orderbuy 48700 20.75 1718856199487 9 33 0
orderbuy 48700 20.75 1718856229490 9 33 0
orderbuy 54000 20.25 1718856239847 9 33 0
orderbuy 48700 20.75 1718856254498 9 34 0
orderbuy 54000 20.25 1718856274560 9 34 0
orderbuy 48700 20.75 1718856284505 9 34 0
orderbuy 54000 20.35 1718856299613 9 34 0
orderbuy 48800 20.45 1718857084685 9 48 0
orderbuy 48600 21.9 1718857154765 9 49 0
orderbuy 48600 21.9 1718857179792 9 49 0
orderbuy 48500 21.1 1718857219790 9 50 0
orderbuy 53700 20.25 1718857334804 9 52 0
orderbuy 48600 21.8 1718857344810 9 52 0
orderbuy 53700 20.25 1718857369747 9 52 0
orderbuy 48600 20.65 1718857444800 9 54 0
orderbuy 48500 20.4 1718857514797 9 55 0
orderbuy 53700 20.15 1718857535378 9 55 0
orderbuy 53700 20.15 1718857549852 9 55 0
orderbuy 53700 21.65 1718857809907 10 0 0
orderbuy 53800 20.2 1718857865023 10 1 0
orderbuy 48600 20 1718857954935 10 2 0
orderbuy 48600 21.2 1718857970422 10 2 0
orderbuy 53700 20.55 1718858310061 10 8 0
orderbuy 53700 20.55 1718858325162 10 8 0
orderbuy 53700 20.55 1718858350004 10 9 0
orderbuy 48600 20.65 1718858750655 10 15 0
orderbuy 48500 20.35 1718858850207 10 17 0
orderbuy 53700 21.8 1718859160310 10 22 0
orderbuy 53800 20 1718859280347 10 24 0
orderbuy 53800 20.7 1718859510404 10 28 0
orderbuy 48800 20.05 1718860340636 10 42 0
orderbuy 48800 20.15 1718860430649 10 43 0
orderbuy 53800 20.25 1718860455869 10 44 0
orderbuy 53800 20.7 1718861485962 11 1 0
orderbuy 53900 21 1718861686132 11 4 0
orderbuy 49000 20.1 1718861706114 11 5 0
orderbuy 53900 21 1718861731062 11 5 0
orderbuy 49000 20.55 1718861746134 11 5 0
orderbuy 53800 20.5 1718862096296 11 11 0
orderbuy 49000 20.4 1718862101204 11 11 0
orderbuy 49000 20.4 1718862196398 11 13 0
orderbuy 49000 20.05 1718862771523 11 22 0
orderbuy 53800 20.6 1718862921558 11 25 0
orderbuy 53800 20 1718863126613 11 28 0
orderbuy 53800 20.8 1718863401937 11 33 0
orderbuy 53900 20.2 1718863781936 11 39 0
orderbuy 53800 21 1718864501952 11 51 0
orderbuy 49000 20.35 1718865312189 12 5 0
orderbuy 53800 20.55 1718865442648 12 7 0
orderbuy 53800 20.5 1718865492243 12 8 0
orderbuy 49000 20 1718865657260 12 10 0
orderbuy 53800 20.25 1718866322517 12 22 0
orderbuy 53800 20.2 1718866732549 12 28 0
orderbuy 49000 20.4 1718866967636 12 32 0
orderbuy 53700 20.45 1718867032615 12 33 0
orderbuy 53700 20.45 1718867062733 12 34 0
orderbuy 53700 20.05 1718869713390 13 18 0
orderbuy 53700 20.4 1718869738421 13 18 0
orderbuy 49200 20.4 1718869983620 13 23 0
orderbuy 49200 20.4 1718870028593 13 23 0
orderbuy 49200 20.4 1718870048651 13 24 0
orderbuy 49200 20 1718870143658 13 25 0
orderbuy 53800 20.35 1718870278615 13 27 0
orderbuy 49200 20.15 1718870283714 13 28 0
orderbuy 53800 20.1 1718870438667 13 30 0
orderbuy 49200 20.35 1718870673806 13 34 0
orderbuy 53800 20.5 1718870713753 13 35 0
orderbuy 49200 20.3 1718870778862 13 36 0
orderbuy 49200 20.3 1718870803779 13 36 0
orderbuy 49200 20.1 1718871238953 13 43 0
orderbuy 53800 20.05 1718871443984 13 47 0
orderbuy 53800 20.1 1718871484042 13 48 0
orderbuy 49200 20.15 1718871894126 13 54 0
orderbuy 53700 20 1718871989076 13 56 0
orderbuy 49200 20 1718872014125 13 56 0
orderbuy 53700 20 1718872024157 13 57 0
orderbuy 49200 20.5 1718872174206 13 59 0
orderbuy 53600 22.5 1718872179179 13 59 0
orderbuy 49200 20.5 1718872199159 13 59 0
orderbuy 53600 20.25 1718872399257 14 3 0
orderbuy 53600 20.4 1718872539320 14 5 0
orderbuy 49300 20.3 1718873239563 14 17 0
orderbuy 53700 20.65 1718873254558 14 17 0
orderbuy 53700 20.65 1718873304893 14 18 0
orderbuy 53700 20.35 1718873404469 14 20 0
orderbuy 49300 20 1718873689692 14 24 0
orderbuy 49300 20 1718873749573 14 25 0
orderbuy 49300 20.05 1718873814593 14 26 0
orderbuy 53600 21.4 1718873949629 14 29 0
orderbuy 53600 20.55 1718874204903 14 33 0
orderbuy 53600 20.25 1718875425113 14 53 0
orderbuy 53600 20.35 1718875480132 14 54 0
orderbuy 49300 21.35 1718875680085 14 58 0
