orderbuy 49600 23 1719200784228 9 16 0
orderbuy 49500 22.15 1719200859198 9 17 0
orderbuy 49500 20.4 1719200924269 9 18 0
orderbuy 52700 20.45 1719200964298 9 19 0
orderbuy 49500 20.4 1719200974321 9 19 0
orderbuy 52700 23 1719200989250 9 19 0
orderbuy 49500 20 1719200999259 9 19 0
orderbuy 49500 20 1719201029384 9 20 0
orderbuy 52700 20.55 1719201389434 9 26 0
orderbuy 52700 20 1719201674730 9 31 0
orderbuy 49600 20.45 1719201680238 9 31 0
orderbuy 49500 20.3 1719201700189 9 31 0
orderbuy 52700 20.1 1719201799660 9 33 0
orderbuy 49500 20.4 1719201804575 9 33 0
orderbuy 49500 20 1719202019758 9 36 0
orderbuy 49500 20.3 1719202554960 9 45 0
orderbuy 49500 20.1 1719202734923 9 48 0
orderbuy 49600 21.6 1719202965187 9 52 0
orderbuy 49600 21.6 1719203521436 10 2 0
orderbuy 52600 20.55 1719203785503 10 6 0
orderbuy 52700 20.45 1719204090420 10 11 0
orderbuy 52700 20.45 1719204115587 10 11 0
orderbuy 52700 23.15 1719204390630 10 16 0
orderbuy 49800 20.55 1719204475592 10 17 0
orderbuy 52600 20.95 1719204690938 10 21 0
orderbuy 52600 20.95 1719204730733 10 22 0
orderbuy 52600 20.05 1719204770713 10 22 0
orderbuy 52700 20.4 1719204940724 10 25 0
orderbuy 52700 20.4 1719204970786 10 26 0
orderbuy 49800 20.6 1719205171448 10 29 0
orderbuy 49800 20.1 1719205225779 10 30 0
orderbuy 52700 20.2 1719205280801 10 31 0
orderbuy 52700 20.2 1719205325839 10 32 0
orderbuy 52800 22.45 1719205420843 10 33 0
orderbuy 49900 20.1 1719205650961 10 37 0
orderbuy 52800 20.2 1719205901051 10 41 0
orderbuy 52800 21.5 1719206181180 10 46 0
orderbuy 49900 20.45 1719206251224 10 47 0
orderbuy 52800 21.7 1719206266196 10 47 0
orderbuy 52900 20.3 1719206391361 10 49 0
orderbuy 49900 20.3 1719206406239 10 50 0
orderbuy 52900 20.3 1719206421242 10 50 0
orderbuy 49900 20.3 1719206431275 10 50 0
orderbuy 52800 22.5 1719206471246 10 51 0
orderbuy 52800 20.55 1719206526297 10 52 0
orderbuy 52800 20 1719206556355 10 52 0
orderbuy 49900 20.05 1719206646492 10 54 0
orderbuy 49900 20 1719206896475 10 58 0
orderbuy 49900 20.65 1719207091543 11 1 0
orderbuy 52800 21.05 1719207101561 11 1 0
orderbuy 52900 21.05 1719207251559 11 4 0
orderbuy 52900 21.15 1719207291741 11 4 0
orderbuy 53000 21.15 1719207516653 11 8 0
orderbuy 53000 21.45 1719207712102 11 11 0
orderbuy 53000 20.95 1719208067020 11 17 0
orderbuy 53000 20.95 1719208091876 11 18 0
orderbuy 53100 22.05 1719208221979 11 20 0
orderbuy 53100 20.9 1719208572109 11 26 0
orderbuy 53100 20.9 1719208577055 11 26 0
orderbuy 53100 20.9 1719208582142 11 26 0
orderbuy 53200 20.05 1719209007248 11 33 0
orderbuy 53200 20.1 1719209142286 11 35 0
orderbuy 53200 20.7 1719209307301 11 38 0
orderbuy 49900 20.05 1719209377420 11 39 0
orderbuy 53100 21.65 1719209387359 11 39 0
orderbuy 49900 20.05 1719209402436 11 40 0
orderbuy 49900 20.55 1719209622732 11 43 0
orderbuy 53000 20.2 1719209702491 11 45 0
orderbuy 49900 20.3 1719209817532 11 46 0
orderbuy 53000 21.1 1719209942613 11 49 0
orderbuy 53000 20.3 1719210077819 11 51 0
orderbuy 53000 21.95 1719210097659 11 51 0
orderbuy 53100 20.55 1719210327724 11 55 0
orderbuy 49900 20 1719210432753 11 57 0
orderbuy 53100 20.1 1719210457797 11 57 0
orderbuy 53100 20 1719212543289 12 32 0
orderbuy 53100 20 1719212648339 12 34 0
orderbuy 53100 21.1 1719212783384 12 36 0
orderbuy 53000 20.25 1719213358789 12 45 0
orderbuy 53000 20.25 1719213453599 12 47 0
orderbuy 53000 20.65 1719213509092 12 48 0
orderbuy 53000 21.25 1719214153950 12 59 0
orderbuy 53000 20.45 1719214193955 12 59 0
orderbuy 53100 21.45 1719215879735 13 27 0
orderbuy 49900 20.35 1719216079826 13 31 0
orderbuy 53100 20 1719217325416 13 52 0
orderbuy 49900 21.2 1719217555406 13 55 0
orderbuy 49900 21.2 1719217605445 13 56 0
orderbuy 49800 20.6 1719217620430 13 57 0
orderbuy 53000 20 1719217765505 13 59 0
orderbuy 49900 20.9 1719217780515 13 59 0
orderbuy 53000 20.8 1719217890740 14 1 0
orderbuy 49900 20.5 1719218200620 14 6 0
orderbuy 49900 20.45 1719218565757 14 12 0
orderbuy 49900 20.45 1719218595795 14 13 0
orderbuy 49900 20 1719218730850 14 15 0
orderbuy 49900 20.75 1719219166055 14 22 0
orderbuy 50000 20.65 1719219386128 14 26 0
orderbuy 52900 20.15 1719219456529 14 27 0
orderbuy 50000 20 1719219716228 14 31 0
orderbuy 50000 20 1719219736248 14 32 0
orderbuy 50000 20.1 1719219916370 14 35 0
orderbuy 52900 20 1719220111348 14 38 0
orderbuy 50000 20.45 1719220176392 14 39 0
orderbuy 52900 20.5 1719220311422 14 41 0
orderbuy 50000 20.2 1719220681536 14 48 0
orderbuy 50000 20.2 1719220811589 14 50 0
orderbuy 50000 21.3 1719220851713 14 50 0
orderbuy 52800 20.8 1719220891723 14 51 0
