orderbuy 45700 22.3 1717732007700 9 16 0
orderbuy 52800 20.15 1717732047698 9 17 0
orderbuy 52700 20 1717732077698 9 17 0
orderbuy 52700 21.65 1717732117710 9 18 0
orderbuy 45600 20.05 1717732122727 9 18 0
orderbuy 52800 21.35 1717732347798 9 22 0
orderbuy 52900 20.35 1717732472789 9 24 0
orderbuy 45800 21.15 1717732602726 9 26 0
orderbuy 52900 21.7 1717732672809 9 27 0
orderbuy 53000 20.2 1717732687735 9 28 0
orderbuy 45900 21.5 1717732833322 9 30 0
orderbuy 45900 20.45 1717732889220 9 31 0
orderbuy 45900 20.45 1717732907819 9 31 0
orderbuy 52900 20 1717733087824 9 34 0
orderbuy 52900 20 1717733122843 9 35 0
orderbuy 45900 20.95 1717733142829 9 35 0
orderbuy 45900 20.55 1717733212829 9 36 0
orderbuy 45900 20.8 1717733317862 9 38 0
orderbuy 46000 20.2 1717733753064 9 45 0
orderbuy 46000 20.2 1717733783056 9 46 0
orderbuy 46000 20.7 1717733808057 9 46 0
orderbuy 52800 20 1717734053509 9 50 0
orderbuy 46000 20.3 1717734223160 9 53 0
orderbuy 46000 20.3 1717734248160 9 54 0
orderbuy 45900 20.55 1717734303053 9 55 0
orderbuy 52700 20.1 1717734398044 9 56 0
orderbuy 52700 21.5 1717734533070 9 58 0
orderbuy 52800 20.85 1717734658281 10 0 0
orderbuy 46200 21.2 1717734928136 10 5 0
orderbuy 46200 21.2 1717734958205 10 5 0
orderbuy 46200 20 1717735043174 10 7 0
orderbuy 52600 21.05 1717735113184 10 8 0
orderbuy 52600 20.35 1717735153199 10 9 0
orderbuy 52500 20.55 1717735533321 10 15 0
orderbuy 46300 21.2 1717735603262 10 16 0
orderbuy 52300 20.6 1717735808316 10 20 0
orderbuy 46200 21.05 1717735938345 10 22 0
orderbuy 46100 20.8 1717735973301 10 22 0
orderbuy 52400 20.25 1717736153394 10 25 0
orderbuy 46500 20.2 1717736528408 10 32 0
orderbuy 46500 20.05 1717736673462 10 34 0
orderbuy 52400 21.5 1717736973773 10 39 0
orderbuy 46700 20 1717737849022 10 54 0
orderbuy 52300 21.1 1717738094454 10 58 0
orderbuy 52400 20.5 1717738199071 10 59 0
orderbuy 46800 20.25 1717738304117 11 1 0
orderbuy 52400 20.05 1717738399140 11 3 0
orderbuy 46700 20.3 1717738534153 11 5 0
orderbuy 52400 20.05 1717738609242 11 6 0
orderbuy 52400 20 1717739059284 11 14 0
orderbuy 52400 20.1 1717739099385 11 14 0
orderbuy 46700 20.55 1717739609467 11 23 0
orderbuy 52300 20.55 1717739619457 11 23 0
orderbuy 46700 20.45 1717739634419 11 23 0
orderbuy 52300 20 1717739759615 11 25 0
orderbuy 46700 20.4 1717740040166 11 30 0
orderbuy 46700 20.5 1717740174580 11 32 0
orderbuy 52300 20.7 1717740404622 11 36 0
orderbuy 52400 21.1 1717740704778 11 41 0
orderbuy 46800 20.65 1717740709678 11 41 0
orderbuy 52500 20.15 1717741104814 11 48 0
orderbuy 52500 20.85 1717741129787 11 48 0
orderbuy 52700 21.15 1717741424899 11 53 0
orderbuy 46800 20.55 1717741429871 11 53 0
orderbuy 52600 20.4 1717741759974 11 59 0
orderbuy 52700 20.1 1717742295093 12 8 0
orderbuy 46800 20.35 1717744443417 12 44 0
orderbuy 52500 21.9 1717748379206 13 49 0
orderbuy 52500 20.5 1717752364191 14 56 0
