orderbuy 22900 21.5 1714450256217 9 40 0
buy 22900 21.5 1714450261196 9 41 0
ordersell 22900 22.5 1714450261196 9 41 0
sell 22900 22.75 1714450541239 9 45 1.25
orderbuy 22950 20.15 1714451116458 9 55 0
buy 22950 20.15 1714451121340 9 55 0
ordersell 22950 21.15 1714451121340 9 55 0
sell 22950 21.7 1714451681437 10 4 2.8000000000000007
orderbuy 22450 22.3 1714451961470 10 9 0
buy 22450 22.3 1714451966465 10 9 0
ordersell 22450 23.3 1714451966466 10 9 0
cancelsell 22450 23.3 1714453307101 10 31 0
ordersell 22450 18.85 1714453307104 10 31 0
sell 22450 19.85 1714453312039 10 31 0.3500000000000014
orderbuy 22450 20.3 1714453447069 10 34 0
buy 22450 20 1714453452102 10 34 0
ordersell 22450 21 1714453452102 10 34 0
cancelsell 22450 21 1714454727425 10 55 0
ordersell 22450 16.95 1714454727429 10 55 0
sell 22450 17.95 1714454732403 10 55 -1.6999999999999993
orderbuy 22450 21.55 1714455457635 11 7 0
buy 22450 21.55 1714455462580 11 7 0
ordersell 22450 22.55 1714455462580 11 7 0
cancelsell 22450 22.55 1714455602613 11 10 0
ordersell 22450 18.1 1714455602615 11 10 0
sell 22450 19.1 1714455607612 11 10 -4.149999999999999
orderbuy 22450 20.25 1714456237782 11 20 0
buy 22450 20.25 1714456242775 11 20 0
ordersell 22450 21.25 1714456242775 11 20 0
cancelsell 22450 21.25 1714457023073 11 33 0
ordersell 22450 17.2 1714457023077 11 33 0
sell 22450 18.2 1714457027998 11 33 -6.199999999999999
orderbuy 22500 20.55 1714465355405 13 52 0
buy 22500 20.55 1714465360231 13 52 0
ordersell 22500 21.55 1714465360231 13 52 0
cancelsell 22500 21.55 1714465695341 13 58 0
ordersell 22500 17.2 1714465695346 13 58 0
sell 22500 18.2 1714465700318 13 58 -8.55
orderbuy 22550 20.95 1714465920366 14 2 0
buy 22550 20.95 1714465925367 14 2 0
ordersell 22550 21.95 1714465925367 14 2 0
sell 22550 22.05 1714465955457 14 2 -7.449999999999999
orderbuy 22500 23.5 1714468826140 14 50 0
buy 22500 23.5 1714468831107 14 50 0
ordersell 22500 24.5 1714468831108 14 50 0
