orderbuy 11050 20.15 1714708238924 9 20 0
buy 11050 20.15 1714708243926 9 20 0
ordersell 11050 21.15 1714708243926 9 20 0
sell 11050 24.85 1714708774098 9 29 4.700000000000003
orderbuy 11025 22.15 1714709019186 9 33 0
buy 11025 22.15 1714709024137 9 33 0
ordersell 11025 23.15 1714709024137 9 33 0
sell 11025 25.2 1714709439269 9 40 7.7500000000000036
orderbuy 11000 20.05 1714709444282 9 40 0
buy 11000 20.05 1714709464274 9 41 0
ordersell 11000 21.05 1714709464275 9 41 0
cancelsell 11000 21.05 1714709869379 9 47 0
ordersell 11000 14.9 1714709869380 9 47 0
sell 11000 15.9 1714709874375 9 47 3.600000000000003
orderbuy 11250 21.6 1714710699588 10 1 0
buy 11250 21.6 1714710704618 10 1 0
ordersell 11250 22.6 1714710704619 10 1 0
cancelsell 11250 22.6 1714711054742 10 7 0
ordersell 11250 16.9 1714711054743 10 7 0
sell 11250 17.9 1714711059687 10 7 -0.10000000000000142
orderbuy 11025 21 1714713420454 10 47 0
buy 11025 21 1714713425461 10 47 0
ordersell 11025 22 1714713425461 10 47 0
sell 11025 24.55 1714713440489 10 47 3.4499999999999993
orderbuy 11000 22.05 1714713445440 10 47 0
buy 11000 22.05 1714713450458 10 47 0
ordersell 11000 23.05 1714713450459 10 47 0
sell 11000 24.15 1714713580539 10 49 5.549999999999997
orderbuy 11000 20 1714713650500 10 50 0
buy 11000 20 1714713655503 10 50 0
ordersell 11000 21 1714713655503 10 50 0
cancelsell 11000 21 1714713885527 10 54 0
ordersell 11000 16.35 1714713885527 10 54 0
sell 11000 17.35 1714713890506 10 54 2.8999999999999986
orderbuy 10925 20.15 1714716389968 11 36 0
buy 10925 20.15 1714716395049 11 36 0
ordersell 10925 21.15 1714716395049 11 36 0
sell 10925 24.15 1714716454976 11 37 6.899999999999999
orderbuy 10900 20 1714716510029 11 38 0
buy 10900 20 1714716514950 11 38 0
ordersell 10900 21 1714716514950 11 38 0
cancelsell 10900 21 1714717538987 11 55 0
ordersell 10900 14.65 1714717538990 11 55 0
sell 10900 15.65 1714717543995 11 55 2.549999999999999
orderbuy 10925 22.2 1714717558965 11 55 0
buy 10925 22.2 1714717563992 11 56 0
ordersell 10925 23.2 1714717563992 11 56 0
cancelsell 10925 23.2 1714719297588 12 24 0
ordersell 10925 15.899999999999999 1714719297589 12 24 0
sell 10925 16.9 1714719310009 12 25 -2.75
orderbuy 11175 20.3 1714720125274 12 38 0
buy 11175 20.3 1714720130150 12 38 0
ordersell 11175 21.3 1714720130151 12 38 0
sell 11175 21.8 1714720380255 12 43 -1.25
orderbuy 10975 20.45 1714720910390 12 51 0
buy 10975 20.45 1714720917265 12 51 0
ordersell 10975 21.45 1714720917266 12 51 0
sell 10975 24.7 1714720935454 12 52 3
orderbuy 11150 21.25 1714720940300 12 52 0
buy 11150 21.25 1714720945343 12 52 0
ordersell 11150 22.25 1714720945343 12 52 0
sell 11150 22.35 1714721005335 12 53 4.100000000000001
orderbuy 10950 21.55 1714721060729 12 54 0
buy 10950 21.55 1714721065336 12 54 0
ordersell 10950 22.55 1714721065336 12 54 0
sell 10950 23.85 1714721175360 12 56 6.400000000000002
orderbuy 10925 21.7 1714721350434 12 59 0
buy 10925 21.7 1714721355376 12 59 0
ordersell 10925 22.7 1714721355376 12 59 0
cancelsell 10925 22.7 1714721680446 13 4 0
ordersell 10925 18.15 1714721680448 13 4 0
sell 10925 19.15 1714721685479 13 4 3.8500000000000014
orderbuy 10950 20.45 1714722150578 13 12 0
buy 10950 20.45 1714722155554 13 12 0
ordersell 10950 21.45 1714722155554 13 12 0
sell 10950 22.45 1714722400660 13 16 5.850000000000001
orderbuy 10950 20.9 1714723515984 13 35 0
buy 10950 20.9 1714723521305 13 35 0
ordersell 10950 21.9 1714723521306 13 35 0
sell 10950 23.2 1714723751019 13 39 8.150000000000002
orderbuy 10925 21.4 1714723816011 13 40 0
buy 10925 21.4 1714723826027 13 40 0
ordersell 10925 22.4 1714723826027 13 40 0
sell 10925 25.2 1714724561210 13 52 11.950000000000003
orderbuy 10900 20.5 1714724566226 13 52 0
buy 10900 20.5 1714724571208 13 52 0
ordersell 10900 21.5 1714724571209 13 52 0
sell 10900 23.1 1714724676258 13 54 14.550000000000004
orderbuy 11150 20.7 1714725401415 14 6 0
buy 11150 20.7 1714725406412 14 6 0
ordersell 11150 21.7 1714725406412 14 6 0
cancelsell 11150 21.7 1714726371706 14 22 0
ordersell 11150 17.25 1714726371711 14 22 0
sell 11150 18.25 1714726376681 14 22 12.100000000000005
orderbuy 10950 20.5 1714726881799 14 31 0
buy 10950 20.5 1714726886806 14 31 0
ordersell 10950 21.5 1714726886806 14 31 0
cancelsell 10950 21.5 1714726911796 14 31 0
ordersell 10950 17 1714726911796 14 31 0
sell 10950 18 1714726916835 14 31 9.600000000000005
