orderbuy 55300 20.65 1720064836828 9 17 0
orderbuy 50700 20.9 1720064909111 9 18 0
orderbuy 50700 20.9 1720064958868 9 19 0
orderbuy 55200 20.05 1720064992456 9 19 0
orderbuy 55200 20.05 1720064999959 9 19 0
orderbuy 55200 20.05 1720065003445 9 20 0
orderbuy 55200 20.05 1720065009046 9 20 0
orderbuy 55200 20.05 1720065015071 9 20 0
orderbuy 55200 20.05 1720065017659 9 20 0
orderbuy 55200 20.05 1720065022478 9 20 0
orderbuy 55200 20.05 1720065027737 9 20 0
orderbuy 50700 20.2 1720065081724 9 21 0
orderbuy 55200 20 1720065106533 9 21 0
orderbuy 55200 22.1 1720065308313 9 25 0
orderbuy 55200 20 1720065546324 9 29 0
orderbuy 55200 20 1720065550222 9 29 0
orderbuy 55200 20 1720065573238 9 29 0
orderbuy 50800 20.1 1720065627931 9 30 0
orderbuy 55200 20.15 1720065746753 9 32 0
orderbuy 50900 20.2 1720066041796 9 37 0
orderbuy 50900 22.4 1720066281873 9 41 0
orderbuy 55200 20.35 1720066561987 9 46 0
orderbuy 55200 20.65 1720066742053 9 49 0
orderbuy 55200 21.05 1720066957205 9 52 0
orderbuy 51000 21.15 1720068577703 10 19 0
orderbuy 51000 20.85 1720068742759 10 22 0
orderbuy 50900 20.2 1720068902820 10 25 0
orderbuy 50900 21.4 1720068942877 10 25 0
orderbuy 55000 20.55 1720068952802 10 25 0
orderbuy 55000 20.2 1720069017777 10 26 0
orderbuy 50800 20.2 1720069088506 10 28 0
orderbuy 50800 20.85 1720069393232 10 33 0
orderbuy 50700 21.45 1720069503250 10 35 0
orderbuy 54900 20.3 1720069533241 10 35 0
orderbuy 50700 21.5 1720069543234 10 35 0
orderbuy 50600 20.3 1720069733388 10 38 0
orderbuy 54800 20.1 1720069908646 10 41 0
orderbuy 50600 20.3 1720069938415 10 42 0
orderbuy 54800 20.1 1720070238659 10 47 0
orderbuy 50600 21.5 1720070248701 10 47 0
orderbuy 50600 20.6 1720070468683 10 51 0
orderbuy 50600 20.2 1720070628741 10 53 0
orderbuy 50600 20.6 1720070748896 10 55 0
orderbuy 50600 20.15 1720071028918 11 0 0
orderbuy 50600 20.05 1720071138984 11 2 0
orderbuy 50600 20.1 1720071494195 11 8 0
orderbuy 50600 20.5 1720071579142 11 9 0
orderbuy 50700 20.8 1720071754123 11 12 0
orderbuy 50700 20.3 1720071819673 11 13 0
orderbuy 50700 20.5 1720071859266 11 14 0
orderbuy 50700 20.45 1720072344372 11 22 0
orderbuy 54800 20.05 1720072549583 11 25 0
orderbuy 54800 20.05 1720072589621 11 26 0
orderbuy 50700 20.05 1720072689498 11 28 0
orderbuy 54800 20.6 1720072895006 11 31 0
orderbuy 50800 20.25 1720075370381 12 12 0
orderbuy 54800 20.3 1720075505515 12 15 0
orderbuy 54800 20.3 1720075545591 12 15 0
orderbuy 54800 20.4 1720075625457 12 17 0
orderbuy 54800 20.3 1720076030636 12 23 0
orderbuy 54800 20.3 1720076055822 12 24 0
orderbuy 50900 20.45 1720076140614 12 25 0
orderbuy 54800 20.5 1720076716247 12 35 0
orderbuy 50900 20.05 1720076861189 12 37 0
orderbuy 54800 20.5 1720077010924 12 40 0
orderbuy 50900 20.15 1720077130997 12 42 0
orderbuy 50900 20.1 1720077251074 12 44 0
orderbuy 50900 20.45 1720077346178 12 45 0
orderbuy 54800 20.05 1720077431161 12 47 0
orderbuy 54900 20.15 1720077961360 12 56 0
orderbuy 54900 20.15 1720077976460 12 56 0
orderbuy 54900 20.2 1720078081351 12 58 0
orderbuy 54900 20 1720078786675 13 9 0
orderbuy 50900 20.8 1720079726987 13 25 0
orderbuy 54800 20.35 1720080012222 13 30 0
orderbuy 50800 20.15 1720080122210 13 32 0
orderbuy 54800 20 1720080152318 13 32 0
orderbuy 50800 20.15 1720080162338 13 32 0
orderbuy 50800 20.55 1720080367345 13 36 0
orderbuy 50800 20.15 1720081183111 13 49 0
orderbuy 50800 20.1 1720081317705 13 51 0
orderbuy 50800 20.1 1720081372709 13 52 0
orderbuy 50900 20.1 1720081967887 14 2 0
orderbuy 50900 20.25 1720082102921 14 5 0
orderbuy 54800 20 1720082323116 14 8 0
orderbuy 50900 20.25 1720082338070 14 8 0
orderbuy 54800 20.3 1720082363024 14 9 0
orderbuy 54900 20.6 1720082498114 14 11 0
orderbuy 51000 20 1720082678460 14 14 0
orderbuy 51000 20.2 1720082718369 14 15 0
orderbuy 54900 20.4 1720083638581 14 30 0
orderbuy 54900 20.4 1720083678597 14 31 0
orderbuy 55000 20.4 1720083828650 14 33 0
orderbuy 55000 20.4 1720083853674 14 34 0
orderbuy 55000 20.15 1720084013902 14 36 0
orderbuy 55000 20.55 1720084639002 14 47 0
orderbuy 54900 20.9 1720085204299 14 56 0
orderbuy 54900 20.9 1720085234274 14 57 0
