orderbuy 10700 20.35 1715226663783 9 21 0
buy 10700 20.35 1715226668826 9 21 0
ordersell 10700 21.35 1715226668826 9 21 0
sell 10700 21.5 1715226753850 9 22 1.1499999999999986
orderbuy 11100 20.1 1715226798870 9 23 0
buy 11100 20.1 1715226803840 9 23 0
ordersell 11100 21.1 1715226803841 9 23 0
cancelsell 11100 21.1 1715227074038 9 27 0
ordersell 11100 16.95 1715227074038 9 27 0
sell 11100 17.95 1715227078985 9 27 -1.0000000000000036
orderbuy 11100 20.05 1715227149057 9 29 0
buy 11100 20.05 1715227154080 9 29 0
ordersell 11100 21.05 1715227154081 9 29 0
cancelsell 11100 21.05 1715227299082 9 31 0
ordersell 11100 16.6 1715227299083 9 31 0
sell 11100 17.6 1715227304030 9 31 -3.450000000000003
orderbuy 11100 20.2 1715227404125 9 33 0
buy 11100 20.2 1715227409069 9 33 0
ordersell 11100 21.2 1715227409069 9 33 0
sell 11100 25.25 1715227614249 9 36 1.5999999999999979
orderbuy 10750 21.1 1715227629145 9 37 0
buy 10750 21.1 1715227634126 9 37 0
ordersell 10750 22.1 1715227634126 9 37 0
cancelsell 10750 22.1 1715227689207 9 38 0
ordersell 10750 17.55 1715227689210 9 38 0
sell 10750 18.55 1715227694145 9 38 -0.9500000000000028
orderbuy 10750 20.2 1715227789174 9 39 0
buy 10750 20.2 1715227794169 9 39 0
ordersell 10750 21.2 1715227794169 9 39 0
cancelsell 10750 21.2 1715228204277 9 46 0
ordersell 10750 17 1715228204280 9 46 0
sell 10750 18 1715228209276 9 46 -3.150000000000002
orderbuy 10775 20.9 1715228345108 9 49 0
buy 10775 20.9 1715228349313 9 49 0
ordersell 10775 21.9 1715228349314 9 49 0
sell 10775 22.75 1715228489361 9 51 -1.3000000000000007
orderbuy 10750 20.2 1715228664399 9 54 0
buy 10750 20.2 1715228669389 9 54 0
ordersell 10750 21.2 1715228669390 9 54 0
sell 10750 22.3 1715228934477 9 58 0.8000000000000007
orderbuy 11100 20 1715228939445 9 58 0
buy 11100 20 1715228944480 9 59 0
ordersell 11100 21 1715228944480 9 59 0
sell 11100 21.1 1715229094488 10 1 1.9000000000000021
orderbuy 10750 21.45 1715229124497 10 2 0
buy 10750 21.45 1715229129478 10 2 0
ordersell 10750 22.45 1715229129478 10 2 0
sell 10750 22.55 1715229334544 10 5 3.0000000000000036
