orderbuy 23600 20.15 1717732097726 9 18 0
buy 23600 20.15 1717732102726 9 18 0
ordersell 23600 21.15 1717732102726 9 18 0
sell 23600 21.35 1717732162741 9 19 1.2000000000000028
orderbuy 23650 21.75 1717732312756 9 21 0
buy 23650 21.75 1717732317818 9 21 0
ordersell 23650 22.75 1717732317819 9 21 0
cancelsell 23650 22.75 1717732352754 9 22 0
ordersell 23650 18.3 1717732352754 9 22 0
sell 23650 19.3 1717732357798 9 22 -1.2499999999999964
orderbuy 23650 21.75 1717732367795 9 22 0
buy 23650 21.75 1717732372815 9 22 0
ordersell 23650 22.75 1717732372815 9 22 0
sell 23650 25.9 1717732377836 9 22 2.900000000000002
orderbuy 23700 21.85 1717732382886 9 23 0
buy 23700 21.85 1717732387781 9 23 0
ordersell 23700 22.85 1717732387781 9 23 0
sell 23700 25.6 1717732432850 9 23 6.650000000000002
orderbuy 23750 22.45 1717732437785 9 23 0
buy 23750 22.45 1717732442807 9 24 0
ordersell 23750 23.45 1717732442807 9 24 0
cancelsell 23750 23.45 1717732567702 9 26 0
ordersell 23750 19.15 1717732567704 9 26 0
sell 23750 20.15 1717732572703 9 26 4.350000000000001
orderbuy 21850 20.2 1717732807771 9 30 0
buy 21850 20.2 1717732812900 9 30 0
ordersell 21850 21.2 1717732812901 9 30 0
sell 21850 21.5 1717734293181 9 54 5.650000000000002
orderbuy 23750 20.35 1717734633422 10 0 0
buy 23750 20.35 1717734639815 10 0 0
ordersell 23750 21.35 1717734639815 10 0 0
sell 23750 21.75 1717734728114 10 2 7.050000000000001
orderbuy 21900 20.35 1717734738142 10 2 0
buy 21900 20.35 1717734743116 10 2 0
ordersell 21900 21.35 1717734743117 10 2 0
sell 21900 21.4 1717735023154 10 7 8.099999999999998
orderbuy 23750 20 1717735158234 10 9 0
buy 23750 20 1717735163212 10 9 0
ordersell 23750 21 1717735163212 10 9 0
sell 23750 21.1 1717735408257 10 13 9.2
orderbuy 21900 20.05 1717735558274 10 15 0
buy 21900 20.05 1717735563258 10 16 0
ordersell 21900 21.05 1717735563258 10 16 0
sell 21900 21.55 1717735778282 10 19 10.7
orderbuy 23700 21.7 1717735838281 10 20 0
buy 23700 21.7 1717735843392 10 20 0
ordersell 23700 22.7 1717735843393 10 20 0
cancelsell 23700 22.7 1717735988298 10 23 0
ordersell 23700 18.65 1717735988299 10 23 0
sell 23700 19.65 1717735993297 10 23 8.649999999999999
orderbuy 23700 21.25 1717736133401 10 25 0
buy 23700 21.25 1717736138323 10 25 0
ordersell 23700 22.25 1717736138324 10 25 0
sell 23700 22.4 1717736283448 10 28 9.799999999999997
orderbuy 23750 21.05 1717737068809 10 41 0
buy 23750 21.05 1717737073809 10 41 0
ordersell 23750 22.05 1717737073809 10 41 0
sell 23750 22.1 1717738679192 11 7 10.849999999999998
orderbuy 22000 20.2 1717738799276 11 9 0
buy 22000 20.2 1717738804226 11 10 0
ordersell 22000 21.2 1717738804228 11 10 0
sell 22000 21.4 1717739489370 11 21 12.049999999999997
orderbuy 21950 20.05 1717739584421 11 23 0
buy 21950 20.05 1717739589400 11 23 0
ordersell 21950 21.05 1717739589400 11 23 0
cancelsell 21950 21.05 1717741074791 11 47 0
ordersell 21950 16.4 1717741074794 11 47 0
sell 21950 17.4 1717741080096 11 48 9.399999999999995
orderbuy 22000 20 1717741290417 11 51 0
buy 22000 20 1717741295195 11 51 0
ordersell 22000 21 1717741295195 11 51 0
cancelsell 22000 21 1717747201173 13 30 0
ordersell 22000 15.399999999999999 1717747201176 13 30 0
sell 22000 16.4 1717747205098 13 30 5.799999999999994
orderbuy 24050 22.55 1717748379298 13 49 0
buy 24050 22.55 1717748384925 13 49 0
ordersell 24050 23.55 1717748384925 13 49 0
cancelsell 24050 23.55 1717752364140 14 56 0
ordersell 24050 17.2 1717752364140 14 56 0
sell 24050 18.2 1717752368183 14 56 1.4499999999999922
