orderbuy 45900 20.15 1713412395356 9 23 0
orderbuy 45900 20.1 1713412855559 9 30 0
orderbuy 45900 20.1 1713412885654 9 31 0
orderbuy 45800 20.25 1713412970729 9 32 0
orderbuy 45800 21.6 1713413126065 9 35 0
orderbuy 45800 20.5 1713413345651 9 39 0
orderbuy 49200 20.3 1713413385748 9 39 0
orderbuy 45800 21.1 1713413455729 9 40 0
orderbuy 45800 21.1 1713413495721 9 41 0
orderbuy 45700 21.85 1713413680736 9 44 0
orderbuy 45600 20.85 1713413910931 9 48 0
orderbuy 45700 20.1 1713414481046 9 58 0
orderbuy 45700 20.1 1713414510920 9 58 0
orderbuy 45800 20.55 1713414695996 10 1 0
orderbuy 45800 21.15 1713415141195 10 9 0
orderbuy 45700 20.25 1713415626270 10 17 0
orderbuy 49100 20 1713415701316 10 18 0
orderbuy 49100 20.4 1713415801369 10 20 0
orderbuy 45700 20.3 1713415806522 10 20 0
orderbuy 45700 21.1 1713415906414 10 21 0
orderbuy 49100 20.3 1713415921398 10 22 0
orderbuy 45700 21.1 1713415936721 10 22 0
orderbuy 45500 21.5 1713415986434 10 23 0
orderbuy 45600 20.55 1713416196545 10 26 0
orderbuy 45600 21.25 1713416236376 10 27 0
orderbuy 45600 20.5 1713416476402 10 31 0
orderbuy 49100 20.4 1713416911455 10 38 0
orderbuy 45700 20 1713417146574 10 42 0
orderbuy 45700 20.2 1713417396605 10 46 0
orderbuy 45700 20.2 1713417421600 10 47 0
orderbuy 45700 20 1713417711689 10 51 0
orderbuy 49100 20.2 1713418456984 11 4 0
orderbuy 45900 20 1713419362186 11 19 0
orderbuy 49100 20.4 1713419402425 11 20 0
orderbuy 45900 20 1713419412290 11 20 0
orderbuy 49100 20.1 1713419432231 11 20 0
orderbuy 45900 20.15 1713419442393 11 20 0
orderbuy 49100 20.1 1713419457151 11 20 0
orderbuy 45900 20.3 1713419482161 11 21 0
orderbuy 45900 20.4 1713419772478 11 26 0
orderbuy 45900 20.3 1713420352319 11 35 0
orderbuy 45900 20 1713420457344 11 37 0
orderbuy 49100 20.15 1713420497787 11 38 0
orderbuy 45900 20.5 1713420647532 11 40 0
orderbuy 45900 20.5 1713420687434 11 41 0
orderbuy 45900 20 1713421087529 11 48 0
orderbuy 49100 20.2 1713421357779 11 52 0
orderbuy 45900 20.05 1713422048367 12 4 0
orderbuy 45900 20.05 1713422248024 12 7 0
orderbuy 45900 20.85 1713422313003 12 8 0
orderbuy 49100 20.15 1713422543030 12 12 0
orderbuy 49100 20.6 1713422763008 12 16 0
orderbuy 49100 20.6 1713422793157 12 16 0
orderbuy 49100 20.25 1713422978154 12 19 0
orderbuy 49100 20.1 1713423453154 12 27 0
orderbuy 49100 20.25 1713423873245 12 34 0
orderbuy 49100 20.1 1713424153362 12 39 0
orderbuy 45900 20 1713424658836 12 47 0
orderbuy 45900 20.05 1713425333603 12 58 0
orderbuy 49100 20.2 1713426668910 13 21 0
orderbuy 45700 22.2 1713427064060 13 27 0
orderbuy 49000 20.85 1713427069033 13 27 0
orderbuy 45200 22.25 1713427114104 13 28 0
orderbuy 49000 21.95 1713427164111 13 29 0
orderbuy 45200 21.25 1713427169118 13 29 0
orderbuy 49100 20.95 1713427179188 13 29 0
orderbuy 45000 25.85 1713427244370 13 30 0
orderbuy 49200 21.25 1713427309176 13 31 0
orderbuy 44400 24.7 1713427314111 13 31 0
orderbuy 45200 21.2 1713427534238 13 35 0
orderbuy 45200 21 1713427679219 13 37 0
orderbuy 49100 22 1713427754302 13 39 0
orderbuy 45000 22.05 1713427759317 13 39 0
orderbuy 44900 20.45 1713427884394 13 41 0
orderbuy 45100 20.3 1713427994387 13 43 0
orderbuy 45100 20.95 1713428044389 13 44 0
orderbuy 44900 22.7 1713428204329 13 46 0
orderbuy 44900 21.2 1713428484435 13 51 0
orderbuy 45100 20.9 1713428949555 13 59 0
orderbuy 45000 20.1 1713429024770 14 0 0
orderbuy 45000 20.65 1713429394683 14 6 0
orderbuy 44900 20 1713429664712 14 11 0
orderbuy 45000 20.65 1713430439924 14 23 0
orderbuy 45000 20.15 1713430569912 14 26 0
orderbuy 45000 20.1 1713430724990 14 28 0
orderbuy 45000 20.45 1713431030097 14 33 0
orderbuy 44900 20.35 1713431105102 14 35 0
orderbuy 44800 20.4 1713431235137 14 37 0
orderbuy 44900 20.8 1713431375142 14 39 0
orderbuy 44800 20.4 1713431415173 14 40 0
orderbuy 44700 21.65 1713431440239 14 40 0
orderbuy 44700 20.65 1713431470240 14 41 0
orderbuy 44700 20.65 1713431495226 14 41 0
orderbuy 44700 21.75 1713431535215 14 42 0
orderbuy 44600 20.7 1713431585161 14 43 0
orderbuy 44400 22 1713431665172 14 44 0
orderbuy 44600 21.2 1713432245394 14 54 0
orderbuy 44600 21.65 1713432340433 14 55 0
orderbuy 44500 21.4 1713432380369 14 56 0
orderbuy 44500 21.15 1713432590454 14 59 0
orderbuy 44500 21.15 1713432615484 15 0 0
orderbuy 48900 20.05 1713432680444 15 1 0
