orderbuy 24600 23.15 1720410342024 9 15 0
buy 24600 22.15 1720410347054 9 15 0
ordersell 24600 23.15 1720410347055 9 15 0
cancelsell 24600 23.15 1720410406646 9 16 0
ordersell 24600 18.1 1720410406648 9 16 0
sell 24600 19.1 1720410411551 9 16 -3.049999999999997
orderbuy 23950 21.25 1720411962155 9 42 0
buy 23950 21.25 1720411966875 9 42 0
ordersell 23950 22.25 1720411966875 9 42 0
sell 23950 22.6 1720412177074 9 46 -1.6999999999999957
orderbuy 24600 21.8 1720414742565 10 29 0
buy 24600 21.8 1720414747445 10 29 0
ordersell 24600 22.8 1720414747445 10 29 0
cancelsell 24600 22.8 1720414757456 10 29 0
ordersell 24600 18.7 1720414757457 10 29 0
sell 24600 19.7 1720414762470 10 29 -3.799999999999997
orderbuy 24000 22.95 1720415117591 10 35 0
buy 24000 22.95 1720415122714 10 35 0
ordersell 24000 23.95 1720415122715 10 35 0
cancelsell 24000 23.95 1720415403095 10 40 0
ordersell 24000 19.65 1720415403098 10 40 0
sell 24000 20.65 1720415407855 10 40 -6.099999999999998
orderbuy 23950 20.15 1720417358373 11 12 0
buy 23950 20.15 1720417363137 11 12 0
ordersell 23950 21.15 1720417363138 11 12 0
cancelsell 23950 21.15 1720418186286 11 26 0
ordersell 23950 17.05 1720418186290 11 26 0
sell 23950 18.05 1720418191267 11 26 -8.199999999999996
orderbuy 23950 21.6 1720421262062 12 17 0
buy 23950 21.6 1720421267153 12 17 0
ordersell 23950 22.6 1720421267153 12 17 0
cancelsell 23950 22.6 1720421357020 12 19 0
ordersell 23950 18.5 1720421357022 12 19 0
sell 23950 19.5 1720421361971 12 19 -10.299999999999997
orderbuy 24000 20.15 1720428086429 14 11 0
buy 24000 20.15 1720428091697 14 11 0
ordersell 24000 21.15 1720428091697 14 11 0
sell 24000 15.4 1720431122222 15 2 -24.699999999999996
