orderbuy 22550 20.55 1718941674142 9 17 0
buy 22550 20.55 1718941679086 9 17 0
ordersell 22550 21.55 1718941679086 9 17 0
cancelsell 22550 21.55 1718942499423 9 31 0
ordersell 22550 17.15 1718942499424 9 31 0
sell 22550 18.15 1718942504536 9 31 -2.400000000000002
orderbuy 22550 20.35 1718943164908 9 42 0
buy 22550 20.35 1718943169856 9 42 0
ordersell 22550 21.35 1718943169856 9 42 0
sell 22550 21.55 1718943224968 9 43 -1.2000000000000028
orderbuy 22500 23.3 1718943685096 9 51 0
buy 22500 23.3 1718943690067 9 51 0
ordersell 22500 24.3 1718943690068 9 51 0
cancelsell 22500 24.3 1718943940234 9 55 0
ordersell 22500 19 1718943940237 9 55 0
sell 22500 20 1718943945176 9 55 -4.5000000000000036
orderbuy 22500 20.3 1718944100242 9 58 0
buy 22500 20.3 1718944105258 9 58 0
ordersell 22500 21.3 1718944105258 9 58 0
cancelsell 22500 21.3 1718944320333 10 2 0
ordersell 22500 15.850000000000001 1718944320334 10 2 0
sell 22500 16.85 1718944325459 10 2 -7.950000000000003
orderbuy 22500 20.45 1718945435870 10 20 0
buy 22500 20.45 1718945440791 10 20 0
ordersell 22500 21.45 1718945440791 10 20 0
cancelsell 22500 21.45 1718945630913 10 23 0
ordersell 22500 17.15 1718945630915 10 23 0
sell 22500 18.15 1718945635885 10 23 -10.250000000000004
orderbuy 22500 20.25 1718946816460 10 43 0
buy 22500 20.25 1718946821399 10 43 0
ordersell 22500 21.25 1718946821400 10 43 0
sell 22500 23 1718947076635 10 47 -7.5000000000000036
orderbuy 22500 20.4 1718947851845 11 0 0
buy 22500 20.4 1718947856851 11 0 0
ordersell 22500 21.4 1718947856851 11 0 0
cancelsell 22500 21.4 1718948312108 11 8 0
ordersell 22500 17.15 1718948312113 11 8 0
sell 22500 18.15 1718948317092 11 8 -9.750000000000004
orderbuy 22500 20.1 1718948512091 11 11 0
buy 22500 20.1 1718948517140 11 11 0
ordersell 22500 21.1 1718948517140 11 11 0
cancelsell 22500 21.1 1718950123582 11 38 0
ordersell 22500 16.65 1718950123585 11 38 0
sell 22500 17.65 1718950127739 11 38 -12.200000000000006
orderbuy 22550 20.05 1718952438638 12 17 0
buy 22550 20.05 1718952443628 12 17 0
ordersell 22550 21.05 1718952443629 12 17 0
cancelsell 22550 21.05 1718952883849 12 24 0
ordersell 22550 16.25 1718952883851 12 24 0
sell 22550 17.25 1718952888770 12 24 -15.000000000000007
orderbuy 22550 20.3 1718953369010 12 32 0
buy 22550 20.3 1718953373955 12 32 0
ordersell 22550 21.3 1718953373955 12 32 0
sell 22550 22.25 1718953884209 12 41 -13.050000000000011
orderbuy 22500 20.05 1718954364353 12 49 0
buy 22500 20.05 1718954369328 12 49 0
ordersell 22500 21.05 1718954369329 12 49 0
sell 22500 21.2 1718955519964 13 8 -11.90000000000001
orderbuy 22450 20.2 1718955670188 13 11 0
buy 22450 20.2 1718955675011 13 11 0
ordersell 22450 21.2 1718955675012 13 11 0
cancelsell 22450 21.2 1718955940097 13 15 0
ordersell 22450 16.75 1718955940099 13 15 0
sell 22450 17.75 1718955945124 13 15 -14.350000000000009
orderbuy 23250 20.55 1718958210962 13 53 0
buy 23250 20.55 1718958216028 13 53 0
ordersell 23250 21.55 1718958216028 13 53 0
sell 23250 22.2 1718958225958 13 53 -12.700000000000006
orderbuy 23300 21.5 1718958431043 13 57 0
buy 23300 21.5 1718958436073 13 57 0
ordersell 23300 22.5 1718958436073 13 57 0
sell 23300 22.95 1718958501095 13 58 -11.250000000000004
orderbuy 22600 20.3 1718958646116 14 0 0
buy 22600 20.3 1718958651093 14 0 0
ordersell 22600 21.3 1718958651093 14 0 0
cancelsell 22600 21.3 1718958901253 14 5 0
ordersell 22600 16.75 1718958901254 14 5 0
sell 22600 17.75 1718958906194 14 5 -13.800000000000004
orderbuy 22650 21 1718958931225 14 5 0
buy 22650 21 1718958936271 14 5 0
ordersell 22650 22 1718958936272 14 5 0
sell 22650 22.85 1718959216343 14 10 -11.950000000000003
orderbuy 23350 20.6 1718959366557 14 12 0
buy 23350 20.6 1718959371419 14 12 0
ordersell 23350 21.6 1718959371419 14 12 0
cancelsell 23350 21.6 1718959651599 14 17 0
ordersell 23350 16.8 1718959651600 14 17 0
sell 23350 17.8 1718959656556 14 17 -14.750000000000004
orderbuy 22600 20.9 1718959711593 14 18 0
buy 22600 20.9 1718959716508 14 18 0
ordersell 22600 21.9 1718959716510 14 18 0
sell 22600 30.8 1718960231923 14 27 -4.850000000000005
orderbuy 22500 20 1718960236701 14 27 0
buy 22500 20 1718960241770 14 27 0
ordersell 22500 21 1718960241770 14 27 0
cancelsell 22500 21 1718960311724 14 28 0
ordersell 22500 16.1 1718960311724 14 28 0
sell 22500 17.1 1718960316719 14 28 -7.7500000000000036
orderbuy 22500 20.35 1718960881968 14 38 0
buy 22500 20.35 1718960886971 14 38 0
ordersell 22500 21.35 1718960886972 14 38 0
cancelsell 22500 21.35 1718961066994 14 41 0
ordersell 22500 15 1718961066996 14 41 0
sell 22500 16 1718961073117 14 41 -12.100000000000005
orderbuy 23250 20.2 1718961182078 14 43 0
buy 23250 20.2 1718961188077 14 43 0
ordersell 23250 21.2 1718961188077 14 43 0
sell 23250 21.55 1718961297075 14 44 -10.750000000000004
orderbuy 22600 20.25 1718961657168 14 50 0
buy 22600 20.25 1718961662183 14 51 0
ordersell 22600 21.25 1718961662184 14 51 0
cancelsell 22600 21.25 1718961817492 14 53 0
ordersell 22600 15.3 1718961817494 14 53 0
sell 22600 16.3 1718961822234 14 53 -14.700000000000003
orderbuy 23300 20.45 1718962143010 14 59 0
buy 23300 20.45 1718962147476 14 59 0
ordersell 23300 21.45 1718962147477 14 59 0
sell 23300 20.3 1718962322565 15 2 -34.00000000000001
