orderbuy 48100 21.3 1718077750744 9 19 0
orderbuy 48100 21.3 1718077775635 9 19 0
orderbuy 48100 21.4 1718077795695 9 19 0
orderbuy 51000 21.35 1718078040742 9 24 0
orderbuy 51000 20.9 1718078195799 9 26 0
orderbuy 51000 20.35 1718078485922 9 31 0
orderbuy 48400 20.75 1718078490855 9 31 0
orderbuy 48400 20.5 1718078525857 9 32 0
orderbuy 48300 21.45 1718078605935 9 33 0
orderbuy 48300 21.45 1718078625936 9 33 0
orderbuy 48300 21.6 1718078731046 9 35 0
orderbuy 48200 20.75 1718078951096 9 39 0
orderbuy 50800 20.4 1718079196103 9 43 0
orderbuy 48300 20.2 1718079206053 9 43 0
orderbuy 50800 20.4 1718079221054 9 43 0
orderbuy 48400 20.85 1718079381108 9 46 0
orderbuy 50900 24.85 1718079421110 9 47 0
orderbuy 51000 20.35 1718079496140 9 48 0
orderbuy 51000 21.3 1718079591200 9 49 0
orderbuy 51000 22.4 1718079726199 9 52 0
