orderbuy 22150 21.1 1713412910437 9 31 0
buy 22150 21.1 1713412915351 9 31 0
ordersell 22150 22.1 1713412915351 9 31 0
sell 22150 48 1713413880760 9 48 26.9
orderbuy 22050 20.75 1713413885685 9 48 0
buy 22050 20.75 1713413890656 9 48 0
ordersell 22050 21.75 1713413890656 9 48 0
cancelsell 22050 21.75 1713414021172 9 50 0
ordersell 22050 17.55 1713414021172 9 50 0
sell 22050 18.55 1713414025655 9 50 24.7
orderbuy 22100 22.25 1713417416623 10 46 0
buy 22100 22.25 1713417421553 10 47 0
ordersell 22100 23.25 1713417421554 10 47 0
sell 22100 26.1 1713417761759 10 52 28.55
orderbuy 22300 20.1 1713418656840 11 7 0
buy 22300 20.1 1713418662004 11 7 0
ordersell 22300 21.1 1713418662004 11 7 0
sell 22300 21.15 1713418666908 11 7 29.599999999999998
orderbuy 22350 21.15 1713423038256 12 20 0
buy 22350 21.15 1713423043073 12 20 0
ordersell 22350 22.15 1713423043073 12 20 0
cancelsell 22350 22.15 1713423113098 12 21 0
ordersell 22350 17.25 1713423113099 12 21 0
sell 22350 18.25 1713423118085 12 21 26.7
orderbuy 22000 21.8 1713428004573 13 43 0
buy 22000 20.8 1713428009405 13 43 0
ordersell 22000 21.8 1713428009405 13 43 0
sell 22000 30.2 1713428159360 13 45 36.099999999999994
