orderbuy 51200 20.1 1721015528001 9 22 0
orderbuy 53400 22.05 1721016028158 9 30 0
orderbuy 51300 20 1721016073137 9 31 0
orderbuy 53400 20.4 1721016153258 9 32 0
orderbuy 51400 20.65 1721016218162 9 33 0
orderbuy 51400 20.65 1721016223132 9 33 0
orderbuy 51400 20.65 1721016228192 9 33 0
orderbuy 51400 20.65 1721016233186 9 33 0
orderbuy 51400 20.65 1721016238168 9 33 0
orderbuy 51400 20.65 1721016243163 9 34 0
orderbuy 51400 20.65 1721016248555 9 34 0
orderbuy 51400 20.65 1721016253239 9 34 0
orderbuy 51400 20.65 1721016258166 9 34 0
orderbuy 51300 22.3 1721016608346 9 40 0
orderbuy 51200 23.55 1721016648451 9 40 0
orderbuy 53300 20.35 1721016723233 9 42 0
orderbuy 53300 20.85 1721017303398 9 51 0
orderbuy 51200 20.05 1721017963542 10 2 0
orderbuy 53300 20.1 1721018528717 10 12 0
orderbuy 51300 20.7 1721019303940 10 25 0
orderbuy 51300 20.05 1721019754013 10 32 0
orderbuy 53300 23.3 1721020329148 10 42 0
orderbuy 53200 20.6 1721024843944 11 57 0
orderbuy 53200 20.6 1721024848840 11 57 0
orderbuy 53200 20.6 1721024853876 11 57 0
orderbuy 53200 20.6 1721024858822 11 57 0
orderbuy 53200 20.6 1721024864081 11 57 0
orderbuy 53200 20.6 1721024868865 11 57 0
orderbuy 53200 20.6 1721024873833 11 57 0
orderbuy 53200 20.6 1721024878811 11 57 0
orderbuy 53200 20.6 1721024883944 11 58 0
orderbuy 51400 20.7 1721024928906 11 58 0
orderbuy 51400 20.15 1721025414007 12 6 0
orderbuy 51400 20.1 1721025589341 12 9 0
orderbuy 53300 22.5 1721029669633 13 17 0
orderbuy 53400 21.45 1721030554759 13 32 0
orderbuy 53300 20.65 1721031299932 13 44 0
orderbuy 53300 20.65 1721031304783 13 45 0
orderbuy 53400 21.6 1721031564936 13 49 0
orderbuy 53300 20.55 1721033826013 14 27 0
orderbuy 53300 20.55 1721035080410 14 48 0
