orderbuy 21950 20.7 1713152904021 9 18 0
buy 21950 20.7 1713152909023 9 18 0
ordersell 21950 21.7 1713152909024 9 18 0
sell 21950 27.8 1713152964075 9 19 7.100000000000001
orderbuy 21900 23.4 1713152969040 9 19 0
buy 21900 19.8 1713153019038 9 20 0
ordersell 21900 20.8 1713153019040 9 20 0
cancelsell 21900 20.8 1713153384137 9 26 0
ordersell 21900 16.15 1713153384141 9 26 0
sell 21900 17.15 1713153389181 9 26 4.449999999999999
orderbuy 21900 23.55 1713154129337 9 38 0
buy 21900 23.55 1713154134340 9 38 0
ordersell 21900 24.55 1713154134340 9 38 0
cancelsell 21900 24.55 1713154224372 9 40 0
ordersell 21900 20.45 1713154224373 9 40 0
sell 21900 21.45 1713154229395 9 40 2.349999999999998
orderbuy 22700 23.65 1713155339664 9 58 0
buy 22700 23.65 1713155344663 9 59 0
ordersell 22700 24.65 1713155344664 9 59 0
cancelsell 22700 24.65 1713155499715 10 1 0
ordersell 22700 20.6 1713155499716 10 1 0
sell 22700 21.6 1713155504713 10 1 0.3000000000000007
orderbuy 22000 20.2 1713157425205 10 33 0
buy 22000 20.2 1713157430179 10 33 0
ordersell 22000 21.2 1713157430179 10 33 0
cancelsell 22000 21.2 1713158130384 10 45 0
ordersell 22000 16.9 1713158130388 10 45 0
sell 22000 17.9 1713158135414 10 45 -2
orderbuy 22750 20.9 1713158825607 10 57 0
buy 22750 20.9 1713158830558 10 57 0
ordersell 22750 21.9 1713158830559 10 57 0
sell 22750 22.7 1713159040598 11 0 -0.1999999999999993
orderbuy 22050 20.85 1713159850799 11 14 0
buy 22050 20.85 1713159855874 11 14 0
ordersell 22050 21.85 1713159855875 11 14 0
cancelsell 22050 21.85 1713160486090 11 24 0
ordersell 22050 17.6 1713160486093 11 24 0
sell 22050 18.6 1713160490983 11 24 -2.4499999999999993
orderbuy 22050 21.3 1713162166444 11 52 0
buy 22050 21.3 1713162171389 11 52 0
ordersell 22050 22.3 1713162171389 11 52 0
cancelsell 22050 22.3 1713163936846 12 22 0
ordersell 22050 16.5 1713163936850 12 22 0
sell 22050 17.5 1713163941928 12 22 -6.25
orderbuy 22050 20.3 1713165237203 12 43 0
buy 22050 20.3 1713165242200 12 44 0
ordersell 22050 21.3 1713165242200 12 44 0
sell 22050 21.45 1713165722298 12 52 -5.100000000000001
orderbuy 22000 21.9 1713166397476 13 3 0
buy 22000 21.9 1713166402512 13 3 0
ordersell 22000 22.9 1713166402513 13 3 0
sell 22000 23.35 1713166582476 13 6 -3.6499999999999986
orderbuy 22000 20.05 1713168438013 13 37 0
buy 22000 20.05 1713168442998 13 37 0
ordersell 22000 21.05 1713168442999 13 37 0
sell 22000 21.3 1713168638194 13 40 -2.3999999999999986
orderbuy 22000 20.2 1713170813796 14 16 0
buy 22000 20.2 1713170818626 14 16 0
ordersell 22000 21.2 1713170818626 14 16 0
sell 22000 22.7 1713171963847 14 36 0.10000000000000142
orderbuy 22600 20.15 1713172318957 14 41 0
buy 22600 20.15 1713172323979 14 42 0
ordersell 22600 21.15 1713172323979 14 42 0
cancelsell 22600 21.15 1713172754092 14 49 0
ordersell 22600 16.95 1713172754096 14 49 0
sell 22600 17.95 1713172759052 14 49 -2.099999999999998
