orderbuy 22950 22 1714967166506 9 16 0
buy 22950 22 1714967171503 9 16 0
ordersell 22950 23 1714967171505 9 16 0
sell 22950 23.5 1714967826681 9 27 1.5
orderbuy 22150 20.35 1714967941698 9 29 0
buy 22150 19.25 1714967946652 9 29 0
ordersell 22150 20.25 1714967946652 9 29 0
sell 22150 20.35 1714967961772 9 29 2.6000000000000014
orderbuy 22150 21.05 1714968496892 9 38 0
buy 22150 21.05 1714968501859 9 38 0
ordersell 22150 22.05 1714968501860 9 38 0
sell 22150 23.9 1714968566842 9 39 5.449999999999999
orderbuy 22050 22.45 1714968646871 9 40 0
buy 22050 22.45 1714968651901 9 40 0
ordersell 22050 23.45 1714968651902 9 40 0
sell 22050 24.8 1714968711945 9 41 7.800000000000001
orderbuy 22000 20.2 1714968716929 9 41 0
buy 22000 20.2 1714968721938 9 42 0
ordersell 22000 21.2 1714968721939 9 42 0
sell 22000 21.3 1714968867079 9 44 8.900000000000002
orderbuy 22000 20.1 1714969127059 9 48 0
buy 22000 20.1 1714969132133 9 48 0
ordersell 22000 21.1 1714969132133 9 48 0
sell 22000 21.95 1714969307029 9 51 10.75
orderbuy 22050 20.15 1714969567105 9 56 0
buy 22050 20.15 1714969572104 9 56 0
ordersell 22050 21.15 1714969572104 9 56 0
sell 22050 22.75 1714969662113 9 57 13.350000000000001
orderbuy 22000 21.8 1714969892356 10 1 0
buy 22000 21.8 1714969897658 10 1 0
ordersell 22000 22.8 1714969897658 10 1 0
cancelsell 22000 22.8 1714969957338 10 2 0
ordersell 22000 18.7 1714969957340 10 2 0
sell 22000 19.7 1714969962444 10 2 11.25
orderbuy 22000 21.35 1714970027403 10 3 0
buy 22000 21.35 1714970032312 10 3 0
ordersell 22000 22.35 1714970032312 10 3 0
cancelsell 22000 22.35 1714970217400 10 6 0
ordersell 22000 16.95 1714970217403 10 6 0
sell 22000 17.95 1714970222550 10 7 7.849999999999998
orderbuy 22050 21.05 1714971732713 10 32 0
buy 22050 21.05 1714971737649 10 32 0
ordersell 22050 22.05 1714971737649 10 32 0
cancelsell 22050 22.05 1714972192760 10 39 0
ordersell 22050 17.4 1714972192764 10 39 0
sell 22050 18.4 1714972197797 10 39 5.199999999999996
orderbuy 22100 20.1 1714972562918 10 46 0
buy 22100 20.1 1714972567936 10 46 0
ordersell 22100 21.1 1714972567937 10 46 0
sell 22100 22.75 1714972687948 10 48 7.849999999999994
orderbuy 22150 20.7 1714973808278 11 6 0
buy 22150 20.7 1714973813254 11 6 0
ordersell 22150 21.7 1714973813254 11 6 0
sell 22150 21.9 1714973943276 11 9 9.049999999999994
orderbuy 22100 20.45 1714974173308 11 12 0
buy 22100 20.45 1714974178386 11 12 0
ordersell 22100 21.45 1714974178387 11 12 0
sell 22100 21.6 1714974213343 11 13 10.199999999999996
orderbuy 22050 20.25 1714974908499 11 25 0
buy 22050 20.25 1714974913525 11 25 0
ordersell 22050 21.25 1714974913525 11 25 0
sell 22050 21.4 1714974983530 11 26 11.349999999999994
orderbuy 22050 20.15 1714975318584 11 31 0
buy 22050 20.15 1714975323608 11 32 0
ordersell 22050 21.15 1714975323608 11 32 0
cancelsell 22050 21.15 1714976998928 11 59 0
ordersell 22050 13.1 1714976998929 11 59 0
sell 22050 14.1 1714977003957 12 0 5.299999999999995
orderbuy 22100 21.6 1714978849596 12 30 0
buy 22100 21.6 1714978854569 12 30 0
ordersell 22100 22.6 1714978854570 12 30 0
sell 22100 23.45 1714978914598 12 31 7.149999999999995
orderbuy 22050 20.45 1714979949818 12 49 0
buy 22050 20.45 1714979954832 12 49 0
ordersell 22050 21.45 1714979954832 12 49 0
sell 22050 22.4 1714980169922 12 52 9.099999999999994
orderbuy 22050 20.05 1714980619993 13 0 0
buy 22050 20.05 1714980625024 13 0 0
ordersell 22050 21.05 1714980625024 13 0 0
sell 22050 21.65 1714981335245 13 12 10.699999999999992
orderbuy 22000 20.3 1714982430457 13 30 0
buy 22000 20.3 1714982435459 13 30 0
ordersell 22000 21.3 1714982435460 13 30 0
cancelsell 22000 21.3 1714982920747 13 38 0
ordersell 22000 15.899999999999999 1714982920750 13 38 0
sell 22000 16.9 1714982925781 13 38 7.29999999999999
orderbuy 22050 20.1 1714983190820 13 43 0
buy 22050 20.1 1714983195793 13 43 0
ordersell 22050 21.1 1714983195793 13 43 0
cancelsell 22050 21.1 1714983240821 13 44 0
ordersell 22050 16.55 1714983240822 13 44 0
sell 22050 17.55 1714983245822 13 44 4.749999999999989
orderbuy 22050 20.95 1714984331126 14 2 0
buy 22050 20.95 1714984336109 14 2 0
ordersell 22050 21.95 1714984336110 14 2 0
sell 22050 23 1714986306616 14 35 6.79999999999999
orderbuy 22850 21.3 1714987056812 14 47 0
buy 22850 21.3 1714987061800 14 47 0
ordersell 22850 22.3 1714987061800 14 47 0
sell 22850 23.05 1714987086816 14 48 8.54999999999999
orderbuy 22100 20.35 1714987251945 14 50 0
buy 22100 20.35 1714987256866 14 50 0
ordersell 22100 21.35 1714987256867 14 50 0
sell 22100 21.95 1714987431887 14 53 10.149999999999988
orderbuy 22850 20.05 1714987686970 14 58 0
buy 22850 20.05 1714987691958 14 58 0
ordersell 22850 21.05 1714987691958 14 58 0
cancelsell 22850 21.05 1714987756990 14 59 0
ordersell 22850 16.75 1714987756991 14 59 0
sell 22850 17.75 1714987762010 14 59 7.849999999999987
