orderbuy 12525 22.45 1720069103060 10 28 0
buy 12525 22.45 1720069108054 10 28 0
ordersell 12525 23.45 1720069108055 10 28 0
cancelsell 12525 23.45 1720069368183 10 32 0
ordersell 12525 18.25 1720069368183 10 32 0
sell 12525 19.25 1720069373163 10 32 -3.1999999999999993
orderbuy 12175 22.4 1720069663330 10 37 0
buy 12175 22.4 1720069668266 10 37 0
ordersell 12175 23.4 1720069668267 10 37 0
cancelsell 12175 23.4 1720069963378 10 42 0
ordersell 12175 18.95 1720069963379 10 42 0
sell 12175 19.95 1720069968525 10 42 -5.649999999999999
orderbuy 12175 20.55 1720069993504 10 43 0
buy 12175 20.55 1720069998426 10 43 0
ordersell 12175 21.55 1720069998426 10 43 0
cancelsell 12175 21.55 1720071304296 11 5 0
ordersell 12175 17.45 1720071304298 11 5 0
sell 12175 18.45 1720071308978 11 5 -7.75
orderbuy 12200 20.3 1720072444568 11 24 0
buy 12200 20.3 1720072449402 11 24 0
ordersell 12200 21.3 1720072449402 11 24 0
cancelsell 12200 21.3 1720073004655 11 33 0
ordersell 12200 17.25 1720073004655 11 33 0
sell 12200 18.25 1720073009608 11 33 -9.8
orderbuy 12550 20.4 1720073830046 11 47 0
buy 12550 20.4 1720073835013 11 47 0
ordersell 12550 21.4 1720073835013 11 47 0
cancelsell 12550 21.4 1720074685122 12 1 0
ordersell 12550 17.3 1720074685124 12 1 0
sell 12550 18.3 1720074690315 12 1 -11.899999999999999
orderbuy 12550 20.25 1720075100382 12 8 0
buy 12550 20.25 1720075105281 12 8 0
ordersell 12550 21.25 1720075105281 12 8 0
sell 12550 22.7 1720075190342 12 9 -9.45
orderbuy 12575 20.8 1720075620475 12 17 0
buy 12575 20.8 1720075625435 12 17 0
ordersell 12575 21.8 1720075625435 12 17 0
sell 12575 21.8 1720075930577 12 22 -8.45
orderbuy 12575 20.3 1720078371405 13 2 0
buy 12575 20.3 1720078376409 13 2 0
ordersell 12575 21.3 1720078376409 13 2 0
cancelsell 12575 21.3 1720079086653 13 14 0
ordersell 12575 16.8 1720079086656 13 14 0
sell 12575 17.8 1720079091755 13 14 -10.95
orderbuy 12575 20.35 1720079962239 13 29 0
buy 12575 20.35 1720079967190 13 29 0
ordersell 12575 21.35 1720079967190 13 29 0
cancelsell 12575 21.35 1720081073203 13 47 0
ordersell 12575 16.25 1720081073206 13 47 0
sell 12575 17.25 1720081077597 13 47 -14.05
orderbuy 12575 20.55 1720082358045 14 9 0
buy 12575 20.55 1720082362965 14 9 0
ordersell 12575 21.55 1720082362966 14 9 0
sell 12575 21.9 1720082458045 14 10 -12.700000000000003
orderbuy 12250 20.2 1720082468025 14 11 0
buy 12250 20.2 1720082473030 14 11 0
ordersell 12250 21.2 1720082473030 14 11 0
cancelsell 12250 21.2 1720083853800 14 34 0
ordersell 12250 16.85 1720083853803 14 34 0
sell 12250 17.85 1720083858653 14 34 -15.050000000000004
orderbuy 12575 20.1 1720084869380 14 51 0
buy 12575 20.1 1720084873981 14 51 0
ordersell 12575 21.1 1720084873981 14 51 0
cancelsell 12575 21.1 1720085099153 14 54 0
ordersell 12575 16.7 1720085099156 14 54 0
sell 12575 17.7 1720085104072 14 55 -17.450000000000006
