orderbuy 20950 21.4 1713757996685 9 23 0
buy 20950 21.4 1713758001653 9 23 0
ordersell 20950 22.4 1713758001653 9 23 0
cancelsell 20950 22.4 1713758041754 9 24 0
ordersell 20950 17.85 1713758041755 9 24 0
sell 20950 18.85 1713758046654 9 24 -2.549999999999997
orderbuy 20950 21 1713758066675 9 24 0
buy 20950 21 1713758071655 9 24 0
ordersell 20950 22 1713758071655 9 24 0
cancelsell 20950 22 1713758226718 9 27 0
ordersell 20950 17.5 1713758226718 9 27 0
sell 20950 18.5 1713758231709 9 27 -5.049999999999997
orderbuy 20950 20.2 1713758436797 9 30 0
buy 20950 20.2 1713758441744 9 30 0
ordersell 20950 21.2 1713758441745 9 30 0
sell 20950 22.05 1713758501829 9 31 -3.1999999999999957
orderbuy 20950 20.6 1713758701875 9 35 0
buy 20950 20.6 1713758706833 9 35 0
ordersell 20950 21.6 1713758706834 9 35 0
sell 20950 22.8 1713758861852 9 37 -0.9999999999999964
orderbuy 20900 21.2 1713759212054 9 43 0
buy 20900 21.2 1713759216991 9 43 0
ordersell 20900 22.2 1713759216992 9 43 0
sell 20900 22.4 1713759296955 9 44 0.20000000000000284
orderbuy 20850 21.7 1713759442048 9 47 0
buy 20850 21.7 1713759447009 9 47 0
ordersell 20850 22.7 1713759447009 9 47 0
cancelsell 20850 22.7 1713759522033 9 48 0
ordersell 20850 16.8 1713759522033 9 48 0
sell 20850 17.8 1713759527006 9 48 -3.6999999999999957
orderbuy 20850 20.3 1713759882156 9 54 0
buy 20850 20.3 1713759887173 9 54 0
ordersell 20850 21.3 1713759887173 9 54 0
cancelsell 20850 21.3 1713760112247 9 58 0
ordersell 20850 16.2 1713760112249 9 58 0
sell 20850 17.2 1713760117180 9 58 -6.799999999999997
orderbuy 20900 22.45 1713760562284 10 6 0
buy 20900 22.45 1713760567310 10 6 0
ordersell 20900 23.45 1713760567310 10 6 0
cancelsell 20900 23.45 1713760692413 10 8 0
ordersell 20900 18.7 1713760692414 10 8 0
sell 20900 19.7 1713760697373 10 8 -9.549999999999997
orderbuy 20900 20.05 1713761992707 10 29 0
buy 20900 20.05 1713761997654 10 29 0
ordersell 20900 21.05 1713761997654 10 29 0
