orderbuy 52500 20.5 1717991178754 9 16 0
orderbuy 47500 22.6 1717991188717 9 16 0
orderbuy 52500 20.5 1717991213718 9 16 0
orderbuy 47800 20.2 1717991493851 9 21 0
orderbuy 47900 21.5 1717991613800 9 23 0
orderbuy 47900 21.45 1717991678799 9 24 0
orderbuy 52400 21.65 1717991748808 9 25 0
orderbuy 48100 20 1717992073883 9 31 0
orderbuy 52400 20.15 1717992198880 9 33 0
orderbuy 48000 20 1717992243879 9 34 0
orderbuy 48000 20 1717992268879 9 34 0
orderbuy 47800 21.05 1717992358927 9 35 0
orderbuy 47800 21.05 1717992413925 9 36 0
orderbuy 47700 23.45 1717992468888 9 37 0
orderbuy 47500 23.55 1717992523922 9 38 0
orderbuy 52200 20.25 1717992584021 9 39 0
orderbuy 52200 20.8 1717992738967 9 42 0
orderbuy 47700 20.85 1717992874012 9 44 0
orderbuy 47600 21 1717992944010 9 45 0
orderbuy 47500 20.05 1717993013975 9 46 0
orderbuy 47500 20.25 1717993149005 9 49 0
orderbuy 52100 20.3 1717993354056 9 52 0
orderbuy 47500 20.6 1717993419097 9 53 0
orderbuy 47400 22.2 1717993434097 9 53 0
orderbuy 47500 22.2 1717993634096 9 57 0
orderbuy 47500 22.2 1717993664090 9 57 0
orderbuy 47400 21.95 1717993904140 10 1 0
orderbuy 47300 20.6 1717993969141 10 2 0
orderbuy 47400 20.7 1717994174199 10 6 0
orderbuy 52000 20.35 1717994314224 10 8 0
orderbuy 52000 20.35 1717994369236 10 9 0
orderbuy 47700 20.7 1717994739359 10 15 0
orderbuy 47600 21.35 1717994809376 10 16 0
orderbuy 52000 21.45 1717995089473 10 21 0
orderbuy 47700 20.65 1717995364520 10 26 0
orderbuy 52000 21.05 1717995379485 10 26 0
orderbuy 52000 20.5 1717995609625 10 30 0
orderbuy 47700 20.3 1717995729663 10 32 0
orderbuy 47700 20 1717995934614 10 35 0
orderbuy 47700 20.05 1717996029664 10 37 0
orderbuy 47600 20.75 1717996269808 10 41 0
orderbuy 47600 20.35 1717996414894 10 43 0
orderbuy 47600 20.8 1717996489800 10 44 0
orderbuy 47500 20 1717996634898 10 47 0
orderbuy 51900 20.5 1717996784900 10 49 0
orderbuy 51900 20.25 1717996904972 10 51 0
orderbuy 47600 20.55 1717997110005 10 55 0
