orderbuy 11500 20.55 1717563492851 10 28 0
buy 11500 20.55 1717563497601 10 28 0
ordersell 11500 21.55 1717563497602 10 28 0
orderbuy 11500 20.55 1717563497702 10 28 0
buy 11500 20.55 1717563502361 10 28 0
ordersell 11500 21.55 1717563502361 10 28 0
sell 11500 22.6 1717564512763 10 45 2.0500000000000007
sell 11500 22.6 1717564512771 10 45 2.0500000000000007
orderbuy 11550 21.25 1717564516166 10 45 0
orderbuy 11550 21.25 1717564516257 10 45 0
buy 11550 21.25 1717564521399 10 45 0
ordersell 11550 22.25 1717564521405 10 45 0
buy 11550 21.25 1717564521842 10 45 0
ordersell 11550 22.25 1717564521844 10 45 0
sell 11550 26.7 1717565604509 11 3 7.5
sell 11550 26.7 1717565604609 11 3 7.5
orderbuy 11625 21.45 1717565606151 11 3 0
orderbuy 11625 21.45 1717565606603 11 3 0
buy 11625 21.45 1717565611351 11 3 0
ordersell 11625 22.45 1717565611351 11 3 0
buy 11625 21.45 1717565612051 11 3 0
ordersell 11625 22.45 1717565612052 11 3 0
sell 11625 42 1717566656168 11 20 28.05
sell 11625 42 1717566656168 11 20 28.05
orderbuy 11850 23.35 1717566658145 11 20 0
orderbuy 11850 23.35 1717566658296 11 20 0
buy 11850 22.35 1717566662244 11 21 0
buy 11850 22.35 1717566662244 11 21 0
ordersell 11850 23.35 1717566662245 11 21 0
ordersell 11850 23.35 1717566662246 11 21 0
sell 11850 28.7 1717575974066 13 56 34.4
sell 11850 28.7 1717575974064 13 56 34.4
orderbuy 11925 21.2 1717575979208 13 56 0
orderbuy 11925 21.2 1717575979308 13 56 0
buy 11925 21.2 1717575984261 13 56 0
buy 11925 21.2 1717575984261 13 56 0
ordersell 11925 22.2 1717575984262 13 56 0
ordersell 11925 22.2 1717575984262 13 56 0
sell 11925 31.45 1717583211161 15 56 3.9499999999999993
sell 11925 31.45 1717583211258 15 56 3.9499999999999993
