orderbuy 24600 21.8 1720151291052 9 18 0
buy 24600 20.8 1720151296072 9 18 0
ordersell 24600 21.8 1720151296072 9 18 0
sell 24600 23.25 1720152796746 9 43 2.4499999999999993
orderbuy 23750 20 1720153682172 9 58 0
buy 23750 20 1720153687116 9 58 0
ordersell 23750 21 1720153687116 9 58 0
cancelsell 23750 21 1720153867366 10 1 0
ordersell 23750 16.95 1720153867369 10 1 0
sell 23750 17.95 1720153872262 10 1 0.3999999999999986
orderbuy 24600 20.1 1720154757838 10 15 0
buy 24600 20.1 1720154762778 10 16 0
ordersell 24600 21.1 1720154762778 10 16 0
sell 24600 21.3 1720154797710 10 16 1.5999999999999979
orderbuy 23850 20 1720155768153 10 32 0
buy 23850 20 1720155773217 10 32 0
ordersell 23850 21 1720155773218 10 32 0
sell 23850 21.2 1720156043135 10 37 2.799999999999997
orderbuy 23850 20.05 1720156393591 10 43 0
buy 23850 20.05 1720156398801 10 43 0
ordersell 23850 21.05 1720156398802 10 43 0
cancelsell 23850 21.05 1720157488481 11 1 0
ordersell 23850 16.95 1720157488485 11 1 0
sell 23850 17.95 1720157493400 11 1 0.6999999999999957
orderbuy 23850 20.7 1720158338701 11 15 0
buy 23850 20.7 1720158343827 11 15 0
ordersell 23850 21.7 1720158343829 11 15 0
cancelsell 23850 21.7 1720159014139 11 26 0
ordersell 23850 17.3 1720159014143 11 26 0
sell 23850 18.3 1720159018975 11 26 -1.7000000000000028
orderbuy 24650 20.2 1720159659179 11 37 0
buy 24650 20.2 1720159664090 11 37 0
ordersell 24650 21.2 1720159664091 11 37 0
sell 24650 22.9 1720159914440 11 41 0.9999999999999964
orderbuy 23850 20.25 1720169958232 14 29 0
buy 23850 20.25 1720169963242 14 29 0
ordersell 23850 21.25 1720169963242 14 29 0
sell 23850 21.45 1720171313742 14 51 2.1999999999999957
orderbuy 24600 20 1720171919010 15 1 0
