orderbuy 12425 23.4 1721015437652 9 20 0
buy 12425 23.4 1721015442627 9 20 0
ordersell 12425 24.4 1721015442628 9 20 0
sell 12425 29.9 1721015487722 9 21 6.5
orderbuy 12400 22.45 1721015492704 9 21 0
buy 12400 22.45 1721015497655 9 21 0
ordersell 12400 23.45 1721015497655 9 21 0
cancelsell 12400 23.45 1721015502866 9 21 0
ordersell 12400 16.3 1721015502867 9 21 0
sell 12400 17.3 1721015507792 9 21 1.3500000000000014
orderbuy 12500 20.75 1721015997767 9 29 0
buy 12500 20.75 1721016002742 9 30 0
ordersell 12500 21.75 1721016002742 9 30 0
cancelsell 12500 21.75 1721016147775 9 32 0
ordersell 12500 16.15 1721016147777 9 32 0
sell 12500 17.15 1721016152779 9 32 -2.25
orderbuy 12425 23.25 1721016227802 9 33 0
buy 12425 23.25 1721016232818 9 33 0
ordersell 12425 24.25 1721016232818 9 33 0
cancelsell 12425 24.25 1721016252833 9 34 0
ordersell 12425 19.5 1721016252834 9 34 0
sell 12425 20.5 1721016257795 9 34 -5
orderbuy 12400 20.65 1721016532928 9 38 0
buy 12400 20.65 1721016537841 9 38 0
ordersell 12400 21.65 1721016537842 9 38 0
sell 12400 21.95 1721017183083 9 49 -3.6999999999999993
orderbuy 12475 20.3 1721020983887 10 53 0
buy 12475 20.3 1721020988882 10 53 0
ordersell 12475 21.3 1721020988882 10 53 0
cancelsell 12475 21.3 1721021038813 10 53 0
ordersell 12475 16.6 1721021038813 10 53 0
sell 12475 17.6 1721021043856 10 54 -6.399999999999999
orderbuy 12500 21.3 1721024418850 11 50 0
buy 12500 21.3 1721024423756 11 50 0
ordersell 12500 22.3 1721024423757 11 50 0
sell 12500 25.7 1721024448754 11 50 -2
