orderbuy 50000 20.55 1712893689189 9 18 0
orderbuy 50000 20.55 1712893779186 9 19 0
orderbuy 47400 20.95 1712893844270 9 20 0
orderbuy 47500 20.05 1712894409399 9 30 0
orderbuy 47500 20.5 1712894669435 9 34 0
orderbuy 47500 20.9 1712895209566 9 43 0
orderbuy 47400 20.55 1712895499640 9 48 0
orderbuy 47400 20.55 1712895534645 9 48 0
orderbuy 49800 20.55 1712898143504 10 32 0
orderbuy 47500 20.85 1712898148522 10 32 0
orderbuy 47500 20.85 1712898153508 10 32 0
orderbuy 47500 20.85 1712898158548 10 32 0
orderbuy 47500 20.85 1712898163513 10 32 0
orderbuy 47500 20.85 1712898168535 10 32 0
orderbuy 49800 20.85 1712898183529 10 33 0
orderbuy 47500 20.85 1712898188520 10 33 0
orderbuy 47500 20.05 1712899471478 10 54 0
orderbuy 49800 20.3 1712900970987 11 19 0
orderbuy 47600 20.25 1712901601134 11 30 0
orderbuy 47600 20.1 1712901811185 11 33 0
orderbuy 49800 20.1 1712902656431 11 47 0
orderbuy 49800 20.25 1712903121508 11 55 0
orderbuy 47700 20.05 1712903421623 12 0 0
orderbuy 47700 20.15 1712903801670 12 6 0
orderbuy 47700 20.2 1712904167059 12 12 0
orderbuy 47700 23.5 1712904536876 12 18 0
orderbuy 47600 20.65 1712904561848 12 19 0
orderbuy 47600 21.1 1712905087056 12 28 0
orderbuy 47600 20.7 1712905832157 12 40 0
orderbuy 47600 22.1 1712905962349 12 42 0
orderbuy 47600 22.1 1712905992201 12 43 0
orderbuy 47500 21.1 1712906522367 12 52 0
orderbuy 47600 20 1712907462793 13 7 0
orderbuy 47600 20.25 1712907602597 13 10 0
orderbuy 47600 20.5 1712907632568 13 10 0
orderbuy 47600 20.9 1712908117693 13 18 0
orderbuy 47600 20.35 1712909388045 13 39 0
orderbuy 49700 20.15 1712910633907 14 0 0
orderbuy 47600 20.05 1712911363554 14 12 0
orderbuy 47600 20.1 1712912383762 14 29 0
orderbuy 47600 20.1 1712912398762 14 29 0
orderbuy 47700 20.55 1712913128950 14 42 0
orderbuy 47700 21.65 1712913193989 14 43 0
orderbuy 47600 20.15 1712913634459 14 50 0
orderbuy 47600 20.25 1712913754125 14 52 0
orderbuy 47600 20 1712913844155 14 54 0
orderbuy 47600 20 1712913899154 14 54 0
orderbuy 47600 20.1 1712914149235 14 59 0
orderbuy 47600 20.1 1712914174481 14 59 0
orderbuy 47600 20.1 1712914204293 15 0 0
