orderbuy 24850 23.55 1721015220412 9 17 0
buy 24850 20.55 1721015225426 9 17 0
ordersell 24850 21.55 1721015225426 9 17 0
cancelsell 24850 21.55 1721015535650 9 22 0
ordersell 24850 17.1 1721015535654 9 22 0
sell 24850 18.1 1721015540477 9 22 -2.4499999999999993
orderbuy 24200 20.1 1721016610795 9 40 0
buy 24200 20.1 1721016615821 9 40 0
ordersell 24200 21.1 1721016615821 9 40 0
sell 24200 21.65 1721016670730 9 41 -0.9000000000000021
orderbuy 24200 20.25 1721016910946 9 45 0
buy 24200 20.25 1721016915937 9 45 0
ordersell 24200 21.25 1721016915937 9 45 0
cancelsell 24200 21.25 1721018511207 10 11 0
ordersell 24200 16.3 1721018511210 10 11 0
sell 24200 17.3 1721018516121 10 11 -3.8500000000000014
orderbuy 24850 20.1 1721020321522 10 42 0
buy 24850 20.1 1721020326514 10 42 0
ordersell 24850 21.1 1721020326514 10 42 0
sell 24850 21.15 1721020816644 10 50 -2.8000000000000043
orderbuy 24850 20.2 1721029379469 13 12 0
buy 24850 20.2 1721029385296 13 13 0
ordersell 24850 21.2 1721029385296 13 13 0
sell 24850 21.2 1721029639637 13 17 -1.8000000000000043
