orderbuy 23400 21 1718769217394 9 23 0
buy 23400 21 1718769222405 9 23 0
ordersell 23400 22 1718769222405 9 23 0
sell 23400 22.7 1718769387463 9 26 1.6999999999999993
orderbuy 23350 20.35 1718769577460 9 29 0
buy 23350 20.35 1718769582450 9 29 0
ordersell 23350 21.35 1718769582450 9 29 0
sell 23350 21.6 1718769617558 9 30 2.9499999999999993
orderbuy 23350 21.6 1718769952752 9 35 0
buy 23350 21.6 1718769957663 9 35 0
ordersell 23350 22.6 1718769957663 9 35 0
cancelsell 23350 22.6 1718769963308 9 36 0
ordersell 23350 16.7 1718769963308 9 36 0
sell 23350 17.7 1718769967762 9 36 -0.9500000000000028
orderbuy 23350 20.8 1718770282811 9 41 0
buy 23350 20.8 1718770287703 9 41 0
ordersell 23350 21.8 1718770287704 9 41 0
sell 23350 22.05 1718770297663 9 41 0.29999999999999716
orderbuy 23250 21.5 1718772488432 10 18 0
buy 23250 21.5 1718772493332 10 18 0
ordersell 23250 22.5 1718772493332 10 18 0
cancelsell 23250 22.5 1718772553662 10 19 0
ordersell 23250 18.25 1718772553662 10 19 0
sell 23250 19.25 1718772558369 10 19 -1.9500000000000028
orderbuy 23200 22.95 1718773288670 10 31 0
buy 23200 22.95 1718773293544 10 31 0
ordersell 23200 23.95 1718773293544 10 31 0
sell 23200 25.7 1718773328567 10 32 0.7999999999999972
orderbuy 23650 20.8 1718773383556 10 33 0
buy 23650 20.8 1718773388601 10 33 0
ordersell 23650 21.8 1718773388602 10 33 0
sell 23650 22.1 1718773398782 10 33 2.099999999999998
orderbuy 23650 20.8 1718773408590 10 33 0
buy 23650 20.8 1718773413540 10 33 0
ordersell 23650 21.8 1718773413541 10 33 0
sell 23650 22.1 1718773423585 10 33 3.3999999999999986
orderbuy 23200 21.35 1718773483636 10 34 0
buy 23200 21.35 1718773488692 10 34 0
ordersell 23200 22.35 1718773488692 10 34 0
cancelsell 23200 22.35 1718773503577 10 35 0
ordersell 23200 15.899999999999999 1718773503577 10 35 0
sell 23200 16.9 1718773509050 10 35 -1.0500000000000043
orderbuy 23700 22.75 1718777660197 11 44 0
buy 23700 22.75 1718777664984 11 44 0
ordersell 23700 23.75 1718777664985 11 44 0
sell 23700 24.05 1718777684910 11 44 0.24999999999999645
orderbuy 23800 20.85 1718787883024 14 34 0
buy 23800 20.85 1718787888013 14 34 0
ordersell 23800 21.85 1718787888013 14 34 0
sell 23800 22.65 1718787923061 14 35 2.0499999999999936
orderbuy 23850 22.15 1718788168049 14 39 0
buy 23850 22.15 1718788173046 14 39 0
ordersell 23850 23.15 1718788173046 14 39 0
cancelsell 23850 23.15 1718788238122 14 40 0
ordersell 23850 16.25 1718788238123 14 40 0
sell 23850 17.25 1718788243092 14 40 -2.850000000000005
orderbuy 23400 22.25 1718788938302 14 52 0
buy 23400 22.25 1718788943401 14 52 0
ordersell 23400 23.25 1718788943402 14 52 0
sell 23400 25.75 1718789203669 14 56 0.649999999999995
orderbuy 23350 20.25 1718789338387 14 58 0
buy 23350 20.25 1718789343394 14 59 0
ordersell 23350 21.25 1718789343394 14 59 0
sell 23350 25.85 1718789523518 15 2 -24.200000000000006
