sell 20850 43.2 1715312750742 9 15 13.500000000000004
orderbuy 20700 21.15 1715312755659 9 15 0
buy 20700 21.15 1715312760693 9 16 0
ordersell 20700 22.15 1715312760694 9 16 0
sell 20700 26.5 1715313055811 9 20 18.850000000000005
orderbuy 20650 21.35 1715313060795 9 21 0
buy 20650 21.35 1715313065781 9 21 0
ordersell 20650 22.35 1715313065782 9 21 0
cancelsell 20650 22.35 1715313270777 9 24 0
ordersell 20650 16.15 1715313270777 9 24 0
sell 20650 17.15 1715313275753 9 24 14.650000000000002
orderbuy 20700 20.15 1715313425811 9 27 0
buy 20700 20.15 1715313430882 9 27 0
ordersell 20700 21.15 1715313430882 9 27 0
